Residue,ResNum,Atom,AtomNum,X,Y,Z,Charge
GLY,1,N,1,22.766000747680664,-15.220000267028809,9.402999877929688,-0.4157
GLY,1,CA,2,23.413999557495117,-14.854999542236328,8.147000312805176,-0.0252
GLY,1,C,3,24.187999725341797,-13.548999786376953,8.27400016784668,0.5973
GLY,1,O,4,25.100000381469727,-13.437000274658203,9.093999862670898,-0.5679
GLY,1,1H,5,22.26300048828125,-16.08799934387207,9.28499984741211,0.2719
GLY,1,2H,6,23.465999603271484,-15.333999633789062,10.121999740600586,0.2719
GLY,1,3H,7,22.121000289916992,-14.491999626159668,9.673999786376953,0.2719
GLY,1,1HA,8,24.090999603271484,-15.654999732971191,7.8460001945495605,0.0698
GLY,1,2HA,9,22.66200065612793,-14.758000373840332,7.366000175476074,0.0698
SER,2,N,10,23.816999435424805,-12.569000244140625,7.454999923706055,-0.4157
SER,2,CA,11,24.468000411987305,-11.26200008392334,7.459000110626221,-0.0249
SER,2,C,12,24.17099952697754,-10.508999824523926,8.75100040435791,0.5973
SER,2,O,13,23.2450008392334,-10.861000061035156,9.480999946594238,-0.5679
SER,2,CB,14,24.00200080871582,-10.45199966430664,6.261000156402588,0.2117
SER,2,OG,15,22.64699935913086,-10.111000061035156,6.379000186920166,-0.6546
SER,2,H,16,23.06100082397461,-12.734999656677246,6.807000160217285,0.2719
SER,2,HA,17,25.545000076293945,-11.413999557495117,7.401000022888184,0.0843
SER,2,1HB,18,24.594999313354492,-9.54800033569336,6.173999786376953,0.0352
SER,2,2HB,19,24.156999588012695,-11.031000137329102,5.3520002365112305,0.0352
SER,2,HG,20,22.573999404907227,-9.592000007629395,7.184000015258789,0.4275
HID,3,N,21,24.945999145507812,-9.460000038146973,9.017999649047852,-0.4157
HID,3,CA,22,24.738000869750977,-8.642000198364258,10.206999778747559,0.0188
HID,3,C,23,24.738000869750977,-7.164999961853027,9.880000114440918,0.5973
HID,3,O,24,25.48699951171875,-6.697000026702881,9.029000282287598,-0.5679
HID,3,CB,25,25.80699920654297,-8.914999961853027,11.253999710083008,-0.0462
HID,3,CG,26,25.78499984741211,-10.305999755859375,11.729999542236328,-0.0266
HID,3,CD2,27,26.524999618530273,-11.381999969482422,11.37600040435791,0.1292
HID,3,ND1,28,24.913999557495117,-10.741000175476074,12.704000473022461,-0.3811
HID,3,CE1,29,25.117000579833984,-12.017999649047852,12.928999900817871,0.2057
HID,3,NE2,30,26.09000015258789,-12.4350004196167,12.135000228881836,-0.5727
HID,3,H,31,25.68199920654297,-9.222999572753906,8.369000434875488,0.2719
HID,3,HA,32,23.764999389648438,-8.866999626159668,10.63599967956543,0.0881
HID,3,1HB,33,26.781999588012695,-8.70199966430664,10.83899974822998,0.0402
HID,3,2HB,34,25.663999557495117,-8.248000144958496,12.105999946594238,0.0402
HID,3,HD1,35,24.173999786376953,-10.204999923706055,13.130999565124512,0.3649
HID,3,HD2,36,27.33099937438965,-11.522000312805176,10.652999877929688,0.1147
HID,3,HE1,37,24.523000717163086,-12.550000190734863,13.670000076293945,0.1392
SER,4,N,38,24.072999954223633,-6.386000156402588,10.723999977111816,-0.4157
SER,4,CA,39,24.06800079345703,-4.947000026702881,10.505000114440918,-0.0249
SER,4,C,40,24.39900016784668,-4.0970001220703125,11.723999977111816,0.5973
SER,4,O,41,23.94700050354004,-4.3460001945495605,12.831999778747559,-0.5679
SER,4,CB,42,22.716999053955078,-4.525000095367432,9.968999862670898,0.2117
SER,4,OG,43,22.45199966430664,-5.131999969482422,8.736000061035156,-0.6546
SER,4,H,44,23.506999969482422,-6.808000087738037,11.45300006866455,0.2719
SER,4,HA,45,24.85700035095215,-4.715000152587891,9.793000221252441,0.0843
SER,4,1HB,46,21.944000244140625,-4.800000190734863,10.687000274658203,0.0352
SER,4,2HB,47,22.690000534057617,-3.440000057220459,9.854999542236328,0.0352
SER,4,HG,48,22.975000381469727,-4.6539998054504395,8.088000297546387,0.4275
MET,5,N,49,25.17300033569336,-3.0510001182556152,11.494999885559082,-0.4157
MET,5,CA,50,25.46299934387207,-2.0480000972747803,12.50100040435791,-0.0237
MET,5,C,51,24.70400047302246,-0.800000011920929,12.151000022888184,0.5973
MET,5,O,52,24.913999557495117,-0.24400000274181366,11.081000328063965,-0.5679
MET,5,CB,53,26.947999954223633,-1.7569999694824219,12.609000205993652,0.0342
MET,5,CG,54,27.26300048828125,-0.6499999761581421,13.576000213623047,0.0018
MET,5,SD,55,29.010000228881836,-0.3659999966621399,13.767999649047852,-0.2737
MET,5,CE,56,29.393999099731445,-1.7209999561309814,14.77400016784668,-0.0536
MET,5,H,57,25.573999404907227,-2.934000015258789,10.57699966430664,0.2719
MET,5,HA,58,25.13599967956543,-2.4170000553131104,13.470999717712402,0.088
MET,5,1HB,59,27.475000381469727,-2.634000062942505,12.923999786376953,0.0241
MET,5,2HB,60,27.332000732421875,-1.4850000143051147,11.633999824523926,0.0241
MET,5,1HG,61,26.799999237060547,0.27000001072883606,13.225000381469727,0.044
MET,5,2HG,62,26.847000122070312,-0.8930000066757202,14.555000305175781,0.044
MET,5,1HE,63,30.457000732421875,-1.7100000381469727,14.998000144958496,0.0684
MET,5,2HE,64,28.81999969482422,-1.652999997138977,15.696000099182129,0.0684
MET,5,3HE,65,29.148000717163086,-2.625,14.262999534606934,0.0684
ARG,6,N,66,23.972000122070312,-0.24500000476837158,13.105999946594238,-0.3479
ARG,6,CA,67,23.202999114990234,0.9490000009536743,12.79800033569336,-0.2637
ARG,6,C,68,23.222999572753906,1.9730000495910645,13.90999984741211,0.7341
ARG,6,O,69,23.180999755859375,1.6469999551773071,15.086999893188477,-0.5894
ARG,6,CB,70,21.739999771118164,0.6119999885559082,12.493000030517578,-0.0007
ARG,6,CG,71,21.506000518798828,-0.33899998664855957,11.3149995803833,0.039
ARG,6,CD,72,21.823999404907227,0.2980000078678131,9.996000289916992,0.0486
ARG,6,NE,73,21.70599937438965,-0.652999997138977,8.913000106811523,-0.5295
ARG,6,CZ,74,20.590999603271484,-0.9020000100135803,8.213000297546387,0.8076
ARG,6,NH1,75,19.47800064086914,-0.25600001215934753,8.48900032043457,-0.8627
ARG,6,NH2,76,20.6200008392334,-1.8009999990463257,7.243000030517578,-0.8627
ARG,6,H,77,23.841999053955078,-0.7239999771118164,13.98900032043457,0.2747
ARG,6,HA,78,23.650999069213867,1.4210000038146973,11.930999755859375,0.156
ARG,6,1HB,79,21.284000396728516,0.1589999943971634,13.364999771118164,0.0327
ARG,6,2HB,80,21.19499969482422,1.5329999923706055,12.277999877929688,0.0327
ARG,6,1HG,81,22.132999420166016,-1.218999981880188,11.413999557495117,0.0285
ARG,6,2HG,82,20.461000442504883,-0.6449999809265137,11.300000190734863,0.0285
ARG,6,1HD,83,21.134000778198242,1.1200000047683716,9.8100004196167,0.0687
ARG,6,2HD,84,22.82900047302246,0.6779999732971191,10.005000114440918,0.0687
ARG,6,HE,85,22.535999298095703,-1.1759999990463257,8.661999702453613,0.3456
ARG,6,1HH1,86,19.461999893188477,0.4300000071525574,9.230999946594238,0.4478
ARG,6,2HH1,87,18.638999938964844,-0.4449999928474426,7.959000110626221,0.4478
ARG,6,1HH2,88,21.490999221801758,-2.2990000247955322,7.033999919891357,0.4478
ARG,6,2HH2,89,19.785999298095703,-1.9950000047683716,6.709000110626221,0.4478
TYR,7,N,90,23.267000198364258,3.2320001125335693,13.529000282287598,-0.4157
TYR,7,CA,91,23.22100067138672,4.298999786376953,14.49899959564209,-0.0014
TYR,7,C,92,22.111000061035156,5.214000225067139,14.079999923706055,0.5973
TYR,7,O,93,22.079999923706055,5.669000148773193,12.940999984741211,-0.5679
TYR,7,CB,94,24.531999588012695,5.059000015258789,14.616000175476074,-0.0152
TYR,7,CG,95,25.674999237060547,4.230999946594238,15.062999725341797,-0.0011
TYR,7,CD1,96,26.461000442504883,3.5869998931884766,14.12600040435791,-0.1906
TYR,7,CD2,97,25.948999404907227,4.110000133514404,16.41699981689453,-0.1906
TYR,7,CE1,98,27.51799964904785,2.821000099182129,14.53600025177002,-0.2341
TYR,7,CE2,99,27.011999130249023,3.3399999141693115,16.833999633789062,-0.2341
TYR,7,CZ,100,27.798999786376953,2.694000005722046,15.89900016784668,0.3226
TYR,7,OH,101,28.861000061035156,1.9249999523162842,16.31100082397461,-0.5579
TYR,7,H,102,23.489999771118164,3.4509999752044678,12.569999694824219,0.2719
TYR,7,HA,103,23.020999908447266,3.880000114440918,15.477999687194824,0.0876
TYR,7,1HB,104,24.784000396728516,5.489999771118164,13.654000282287598,0.0295
TYR,7,2HB,105,24.413000106811523,5.880000114440918,15.322999954223633,0.0295
TYR,7,HD1,106,26.238000869750977,3.687999963760376,13.062000274658203,0.1699
TYR,7,HD2,107,25.320999145507812,4.623000144958496,17.148000717163086,0.1699
TYR,7,HE1,108,28.131000518798828,2.316999912261963,13.795000076293945,0.1656
TYR,7,HE2,109,27.229999542236328,3.240999937057495,17.899999618530273,0.1656
TYR,7,HH,110,29.301000595092773,1.5499999523162842,15.545000076293945,0.3992
PHE,8,N,111,21.26099967956543,5.585000038146973,15.01099967956543,-0.4157
PHE,8,CA,112,20.152000427246094,6.415999889373779,14.621999740600586,-0.0024
PHE,8,C,113,19.985000610351562,7.5879998207092285,15.54800033569336,0.5973
PHE,8,O,114,19.944000244140625,7.446000099182129,16.766000747680664,-0.5679
PHE,8,CB,115,18.85300064086914,5.627999782562256,14.586000442504883,-0.0343
PHE,8,CG,116,17.707000732421875,6.455999851226807,14.133999824523926,0.0118
PHE,8,CD1,117,17.54800033569336,6.764999866485596,12.791999816894531,-0.1256
PHE,8,CD2,118,16.781999588012695,6.931000232696533,15.043999671936035,-0.1256
PHE,8,CE1,119,16.488000869750977,7.531000137329102,12.373000144958496,-0.1704
PHE,8,CE2,120,15.720999717712402,7.697000026702881,14.626999855041504,-0.1704
PHE,8,CZ,121,15.571999549865723,7.999000072479248,13.295000076293945,-0.1072
PHE,8,H,122,21.284000396728516,5.14900016784668,15.920999526977539,0.2719
PHE,8,HA,123,20.347000122070312,6.821000099182129,13.631999969482422,0.0978
PHE,8,1HB,124,18.961999893188477,4.7769999504089355,13.913999557495117,0.0295
PHE,8,2HB,125,18.636999130249023,5.236000061035156,15.579999923706055,0.0295
PHE,8,HD1,126,18.277000427246094,6.389999866485596,12.069000244140625,0.133
PHE,8,HD2,127,16.899999618530273,6.693999767303467,16.10099983215332,0.133
PHE,8,HE1,128,16.3700008392334,7.769999980926514,11.317000389099121,0.143
PHE,8,HE2,129,14.996999740600586,8.067000389099121,15.35099983215332,0.143
PHE,8,HZ,130,14.734999656677246,8.602999687194824,12.972000122070312,0.1297
SER,9,N,131,20.04800033569336,8.77400016784668,14.96500015258789,-0.4157
SER,9,CA,132,20.027000427246094,9.967000007629395,15.767000198364258,-0.0249
SER,9,C,133,18.799999237060547,10.795999526977539,15.468999862670898,0.5973
SER,9,O,134,18.420000076293945,10.967000007629395,14.317000389099121,-0.5679
SER,9,CB,135,21.27199935913086,10.781000137329102,15.520000457763672,0.2117
SER,9,OG,136,22.413000106811523,10.081999778747559,15.928000450134277,-0.6546
SER,9,H,137,20.229000091552734,8.843999862670898,13.975000381469727,0.2719
SER,9,HA,138,19.986000061035156,9.666000366210938,16.79599952697754,0.0843
SER,9,1HB,139,21.347000122070312,11.017999649047852,14.460000038146973,0.0352
SER,9,2HB,140,21.19700050354004,11.708000183105469,16.058000564575195,0.0352
SER,9,HG,141,22.298999786376953,9.916000366210938,16.865999221801758,0.4275
THR,10,N,142,18.246000289916992,11.416999816894531,16.503000259399414,-0.4157
THR,10,CA,143,17.118000030517578,12.307999610900879,16.305999755859375,-0.0389
THR,10,C,144,17.340999603271484,13.652000427246094,16.993000030517578,0.5973
THR,10,O,145,17.770999908447266,13.722999572753906,18.14299964904785,-0.5679
THR,10,CB,146,15.8149995803833,11.67300033569336,16.82200050354004,0.3654
THR,10,CG2,147,14.656999588012695,12.598999977111816,16.58300018310547,-0.2438
THR,10,OG1,148,15.581000328063965,10.437999725341797,16.148000717163086,-0.6761
THR,10,H,149,18.631000518798828,11.279000282287598,17.42799949645996,0.2719
THR,10,HA,150,17.014999389648438,12.508000373840332,15.241000175476074,0.1007
THR,10,HB,151,15.907999992370605,11.47700023651123,17.891000747680664,0.0043
THR,10,HG1,152,15.505999565124512,10.598999977111816,15.204000473022461,0.4102
THR,10,1HG2,153,13.739999771118164,12.142999649047852,16.951000213623047,0.0642
THR,10,2HG2,154,14.826000213623047,13.529999732971191,17.101999282836914,0.0642
THR,10,3HG2,155,14.567000389099121,12.786999702453613,15.515999794006348,0.0642
SER,11,N,156,17.208999633789062,14.729000091552734,16.226999282836914,-0.4157
SER,11,CA,157,17.479999542236328,16.05900001525879,16.742000579833984,-0.0249
SER,11,C,158,16.19099998474121,16.851999282836914,16.69700050354004,0.5973
SER,11,O,159,15.628000259399414,17.055999755859375,15.628999710083008,-0.5679
SER,11,CB,160,18.548999786376953,16.732999801635742,15.928999900817871,0.2117
SER,11,OG,161,19.738000869750977,16.034000396728516,16.010000228881836,-0.6546
SER,11,H,162,17.051000595092773,14.616000175476074,15.241000175476074,0.2719
SER,11,HA,163,17.805999755859375,15.97700023651123,17.770000457763672,0.0843
SER,11,1HB,164,18.233999252319336,16.795000076293945,14.916999816894531,0.0352
SER,11,2HB,165,18.69499969482422,17.746000289916992,16.284000396728516,0.0352
SER,11,HG,166,19.55299949645996,15.156999588012695,15.664999961853027,0.4275
VAL,12,N,167,15.76099967956543,17.39299964904785,17.83099937438965,-0.4157
VAL,12,CA,168,14.505000114440918,18.134000778198242,17.82200050354004,-0.0875
VAL,12,C,169,14.609000205993652,19.541000366210938,18.375,0.5973
VAL,12,O,170,15.07800006866455,19.753999710083008,19.488000869750977,-0.5679
VAL,12,CB,171,13.430999755859375,17.371999740600586,18.624000549316406,0.2985
VAL,12,CG1,172,12.13599967956543,18.163000106811523,18.625,-0.3192
VAL,12,CG2,173,13.23799991607666,16.0,18.027999877929688,-0.3192
VAL,12,H,174,16.30299949645996,17.285999298095703,18.67799949645996,0.2719
VAL,12,HA,175,14.175999641418457,18.22599983215332,16.791000366210938,0.0969
VAL,12,HB,176,13.74899959564209,17.27400016784668,19.663000106811523,-0.0297
VAL,12,1HG1,177,11.378999710083008,17.625999450683594,19.19099998474121,0.0791
VAL,12,2HG1,178,12.303999900817871,19.125999450683594,19.077999114990234,0.0791
VAL,12,3HG1,179,11.791999816894531,18.29599952697754,17.597999572753906,0.0791
VAL,12,1HG2,180,12.479999542236328,15.458999633789062,18.593000411987305,0.0791
VAL,12,2HG2,181,12.918000221252441,16.09600067138672,16.992000579833984,0.0791
VAL,12,3HG2,182,14.17300033569336,15.458000183105469,18.069000244140625,0.0791
SER,13,N,183,14.217000007629395,20.52400016784668,17.569000244140625,-0.4157
SER,13,CA,184,14.267999649047852,21.90399932861328,18.025999069213867,-0.0249
SER,13,C,185,13.23799991607666,22.10099983215332,19.12299919128418,0.5973
SER,13,O,186,12.118000030517578,21.594999313354492,19.033000946044922,-0.5679
SER,13,CB,187,14.008000373840332,22.863000869750977,16.891000747680664,0.2117
SER,13,OG,188,14.0,24.184999465942383,17.347000122070312,-0.6546
SER,13,H,189,13.862000465393066,20.305999755859375,16.645999908447266,0.2719
SER,13,HA,190,15.267999649047852,22.115999221801758,18.395999908447266,0.0843
SER,13,1HB,191,14.776000022888184,22.743000030517578,16.128999710083008,0.0352
SER,13,2HB,192,13.069999694824219,22.634000778198242,16.437999725341797,0.0352
SER,13,HG,193,13.29699993133545,24.23699951171875,17.99799919128418,0.4275
ARG,14,N,194,13.600000381469727,22.861000061035156,20.150999069213867,-0.3479
ARG,14,CA,195,12.682999610900879,23.110000610351562,21.26099967956543,-0.2637
ARG,14,C,196,12.395999908447266,24.57900047302246,21.565000534057617,0.7341
ARG,14,O,197,12.987000465393066,25.121000289916992,22.496999740600586,-0.5894
ARG,14,CB,198,13.215999603271484,22.479000091552734,22.538999557495117,-0.0007
ARG,14,CG,199,13.270000457763672,20.96500015258789,22.55299949645996,0.039
ARG,14,CD,200,11.907999992370605,20.381000518798828,22.51300048828125,0.0486
ARG,14,NE,201,11.081000328063965,20.858999252319336,23.617000579833984,-0.5295
ARG,14,CZ,202,11.069000244140625,20.340999603271484,24.861000061035156,0.8076
ARG,14,NH1,203,11.842000007629395,19.326000213623047,25.15999984741211,-0.8627
ARG,14,NH2,204,10.27400016784668,20.858999252319336,25.7810001373291,-0.8627
ARG,14,H,205,14.512999534606934,23.295000076293945,20.156999588012695,0.2747
ARG,14,HA,206,11.729999542236328,22.643999099731445,21.020000457763672,0.156
ARG,14,1HB,207,14.229000091552734,22.840999603271484,22.725000381469727,0.0327
ARG,14,2HB,208,12.595000267028809,22.78700065612793,23.3799991607666,0.0327
ARG,14,1HG,209,13.824999809265137,20.606000900268555,21.687000274658203,0.0285
ARG,14,2HG,210,13.769000053405762,20.628999710083008,23.464000701904297,0.0285
ARG,14,1HD,211,11.42300033569336,20.656999588012695,21.577999114990234,0.0687
ARG,14,2HD,212,11.977999687194824,19.297000885009766,22.58099937438965,0.0687
ARG,14,HE,213,10.468000411987305,21.641000747680664,23.433000564575195,0.3456
ARG,14,1HH1,214,12.449999809265137,18.929000854492188,24.457000732421875,0.4478
ARG,14,2HH1,215,11.829999923706055,18.940000534057617,26.093000411987305,0.4478
ARG,14,1HH2,216,9.677000045776367,21.641000747680664,25.552000045776367,0.4478
ARG,14,2HH2,217,10.262999534606934,20.472000122070312,26.71299934387207,0.4478
PRO,15,N,218,11.475000381469727,25.233999252319336,20.841999053955078,-0.2548
PRO,15,CA,219,11.07699966430664,26.617000579833984,21.047000885009766,-0.0266
PRO,15,C,220,10.61299991607666,26.79800033569336,22.48200035095215,0.5896
PRO,15,O,221,9.916999816894531,25.941999435424805,23.027999877929688,-0.5748
PRO,15,CB,222,9.932999610900879,26.784000396728516,20.040000915527344,-0.007
PRO,15,CG,223,10.246999740600586,25.780000686645508,18.9689998626709,0.0189
PRO,15,CD,224,10.824000358581543,24.604000091552734,19.69700050354004,0.0192
PRO,15,HA,225,11.913000106811523,27.28700065612793,20.798999786376953,0.0641
PRO,15,1HB,226,8.967000007629395,26.599000930786133,20.52899932861328,0.0253
PRO,15,2HB,227,9.91100025177002,27.81800079345703,19.666000366210938,0.0253
PRO,15,1HG,228,9.336999893188477,25.52400016784668,18.417999267578125,0.0213
PRO,15,2HG,229,10.951000213623047,26.207000732421875,18.240999221801758,0.0213
PRO,15,1HD,230,10.027999877929688,23.916000366210938,20.013999938964844,0.0391
PRO,15,2HD,231,11.515000343322754,24.117000579833984,19.030000686645508,0.0391
GLY,16,N,232,10.996999740600586,27.90999984741211,23.089000701904297,-0.4157
GLY,16,CA,233,10.625,28.194000244140625,24.4689998626709,-0.0252
GLY,16,C,234,11.748000144958496,27.79800033569336,25.41900062561035,0.5973
GLY,16,O,235,11.885000228881836,28.368999481201172,26.50200080871582,-0.5679
GLY,16,H,236,11.552000045776367,28.58300018310547,22.58099937438965,0.2719
GLY,16,1HA,237,10.404000282287598,29.256000518798828,24.57699966430664,0.0698
GLY,16,2HA,238,9.71500015258789,27.65399932861328,24.725000381469727,0.0698
ARG,17,N,239,12.538000106811523,26.804000854492188,25.016000747680664,-0.3479
ARG,17,CA,240,13.670000076293945,26.339000701904297,25.801000595092773,-0.2637
ARG,17,C,241,14.932000160217285,26.98200035095215,25.270000457763672,0.7341
ARG,17,O,242,15.717000007629395,27.56599998474121,26.01799964904785,-0.5894
ARG,17,CB,243,13.78600025177002,24.822999954223633,25.733999252319336,-0.0007
ARG,17,CG,244,14.914999961853027,24.235000610351562,26.54400062561035,0.039
ARG,17,CD,245,14.9350004196167,22.756000518798828,26.458999633789062,0.0486
ARG,17,NE,246,16.082000732421875,22.197999954223633,27.156999588012695,-0.5295
ARG,17,CZ,247,16.430999755859375,20.89900016784668,27.14900016784668,0.8076
ARG,17,NH1,248,15.722000122070312,20.02400016784668,26.479000091552734,-0.8627
ARG,17,NH2,249,17.4950008392334,20.4950008392334,27.819000244140625,-0.8627
ARG,17,H,250,12.387999534606934,26.385000228881836,24.107999801635742,0.2747
ARG,17,HA,251,13.480999946594238,26.551000595092773,26.85300064086914,0.156
ARG,17,1HB,252,12.859999656677246,24.371999740600586,26.086000442504883,0.0327
ARG,17,2HB,253,13.927000045776367,24.509000778198242,24.70800018310547,0.0327
ARG,17,1HG,254,15.86400032043457,24.61199951171875,26.170000076293945,0.0285
ARG,17,2HG,255,14.798999786376953,24.517000198364258,27.589000701904297,0.0285
ARG,17,1HD,256,14.029000282287598,22.350000381469727,26.908000946044922,0.0687
ARG,17,2HD,257,14.987000465393066,22.451000213623047,25.41699981689453,0.0687
ARG,17,HE,258,16.65999984741211,22.836000442504883,27.68899917602539,0.3456
ARG,17,1HH1,259,14.906000137329102,20.31800079345703,25.961999893188477,0.4478
ARG,17,2HH1,260,16.00200080871582,19.051000595092773,26.486000061035156,0.4478
ARG,17,1HH2,261,18.051000595092773,21.159000396728516,28.34000015258789,0.4478
ARG,17,2HH2,262,17.746999740600586,19.514999389648438,27.80500030517578,0.4478
GLY,18,N,263,15.039999961853027,26.981000900268555,23.944000244140625,-0.4157
GLY,18,CA,264,16.209999084472656,27.500999450683594,23.257999420166016,-0.0252
GLY,18,C,265,17.299999237060547,26.454999923706055,23.052000045776367,0.5973
GLY,18,O,266,18.288999557495117,26.724000930786133,22.368999481201172,-0.5679
GLY,18,H,267,14.378000259399414,26.427000045776367,23.415000915527344,0.2719
GLY,18,1HA,268,15.90999984741211,27.892000198364258,22.285999298095703,0.0698
GLY,18,2HA,269,16.624000549316406,28.32900047302246,23.83099937438965,0.0698
GLU,19,N,270,17.125999450683594,25.266000747680664,23.628999710083008,-0.5163
GLU,19,CA,271,18.136999130249023,24.222999572753906,23.506000518798828,0.0397
GLU,19,C,272,17.55900001525879,22.89699935913086,22.986000061035156,0.5366
GLU,19,O,273,16.90999984741211,22.183000564575195,23.746999740600586,-0.5819
GLU,19,CB,274,18.826000213623047,23.97800064086914,24.849000930786133,0.056
GLU,19,CG,275,19.608999252319336,25.167999267578125,25.378000259399414,0.0136
GLU,19,CD,276,20.29800033569336,24.881999969482422,26.68400001525879,0.8054
GLU,19,OE1,277,20.163000106811523,23.791000366210938,27.180999755859375,-0.8188
GLU,19,OE2,278,20.961000442504883,25.759000778198242,27.18600082397461,-0.8188
GLU,19,H,279,16.284000396728516,25.079999923706055,24.155000686645508,0.2936
GLU,19,HA,280,18.882999420166016,24.55299949645996,22.795000076293945,0.1105
GLU,19,1HB,281,18.08300018310547,23.709999084472656,25.594999313354492,-0.0173
GLU,19,2HB,282,19.513999938964844,23.13800048828125,24.753999710083008,-0.0173
GLU,19,1HG,283,20.358999252319336,25.450000762939453,24.63800048828125,-0.0425
GLU,19,2HG,284,18.92799949645996,26.006999969482422,25.506999969482422,-0.0425
PRO,20,N,285,17.774999618530273,22.54199981689453,21.707000732421875,-0.2548
PRO,20,CA,286,17.30699920654297,21.320999145507812,21.054000854492188,-0.0266
PRO,20,C,287,17.7810001373291,20.048999786376953,21.753000259399414,0.5896
PRO,20,O,288,18.753999710083008,20.062999725341797,22.506999969482422,-0.5748
PRO,20,CB,289,17.906999588012695,21.441999435424805,19.636999130249023,-0.007
PRO,20,CG,290,18.101999282836914,22.90999984741211,19.43000030517578,0.0189
PRO,20,CD,291,18.482999801635742,23.444000244140625,20.7810001373291,0.0192
PRO,20,HA,292,16.20800018310547,21.340999603271484,21.038000106811523,0.0641
PRO,20,1HB,293,18.84600067138672,20.8799991607666,19.58300018310547,0.0253
PRO,20,2HB,294,17.232999801635742,21.003999710083008,18.89900016784668,0.0253
PRO,20,1HG,295,18.881999969482422,23.08300018310547,18.67300033569336,0.0213
PRO,20,2HG,296,17.17799949645996,23.365999221801758,19.04599952697754,0.0213
PRO,20,1HD,297,19.566999435424805,23.388999938964844,20.92099952697754,0.0391
PRO,20,2HD,298,18.121999740600586,24.479999542236328,20.827999114990234,0.0391
ARG,21,N,299,17.020999908447266,18.974000930786133,21.56800079345703,-0.3479
ARG,21,CA,300,17.364999771118164,17.658000946044922,22.094999313354492,-0.2637
ARG,21,C,301,18.176000595092773,16.875,21.077999114990234,0.7341
ARG,21,O,302,17.865999221801758,16.881000518798828,19.893999099731445,-0.5894
ARG,21,CB,303,16.115999221801758,16.878000259399414,22.459999084472656,-0.0007
ARG,21,CG,304,15.27299976348877,17.479999542236328,23.551000595092773,0.039
ARG,21,CD,305,14.092000007629395,16.63800048828125,23.827999114990234,0.0486
ARG,21,NE,306,13.168999671936035,16.61400032043457,22.702999114990234,-0.5295
ARG,21,CZ,307,12.086999893188477,15.819000244140625,22.624000549316406,0.8076
ARG,21,NH1,308,11.805999755859375,14.991000175476074,23.606000900268555,-0.8627
ARG,21,NH2,309,11.305000305175781,15.866000175476074,21.562000274658203,-0.8627
ARG,21,H,310,16.260000228881836,19.049999237060547,20.90999984741211,0.2747
ARG,21,HA,311,17.961000442504883,17.788999557495117,22.999000549316406,0.156
ARG,21,1HB,312,15.482999801635742,16.775999069213867,21.577999114990234,0.0327
ARG,21,2HB,313,16.39699935913086,15.87399959564209,22.781999588012695,0.0327
ARG,21,1HG,314,15.86400032043457,17.565000534057617,24.464000701904297,0.0285
ARG,21,2HG,315,14.9350004196167,18.468000411987305,23.2450008392334,0.0285
ARG,21,1HD,316,14.413999557495117,15.616999626159668,24.02899932861328,0.0687
ARG,21,2HD,317,13.564000129699707,17.02899932861328,24.69499969482422,0.0687
ARG,21,HE,318,13.352999687194824,17.238000869750977,21.929000854492188,0.3456
ARG,21,1HH1,319,12.402999877929688,14.95199966430664,24.42099952697754,0.4478
ARG,21,2HH1,320,10.994999885559082,14.394000053405762,23.54599952697754,0.4478
ARG,21,1HH2,321,11.519000053405762,16.500999450683594,20.80699920654297,0.4478
ARG,21,2HH2,322,10.494999885559082,15.269000053405762,21.503999710083008,0.4478
PHE,22,N,323,19.035999298095703,15.98900032043457,21.559999465942383,-0.4157
PHE,22,CA,324,19.738000869750977,15.064000129699707,20.68199920654297,-0.0024
PHE,22,C,325,19.878000259399414,13.65999984741211,21.266000747680664,0.5973
PHE,22,O,326,20.347000122070312,13.461000442504883,22.382999420166016,-0.5679
PHE,22,CB,327,21.1200008392334,15.576000213623047,20.336999893188477,-0.0343
PHE,22,CG,328,21.88599967956543,14.618000030517578,19.518999099731445,0.0118
PHE,22,CD1,329,21.785999298095703,14.58899974822998,18.163999557495117,-0.1256
PHE,22,CD2,330,22.722000122070312,13.72700023651123,20.141000747680664,-0.1256
PHE,22,CE1,331,22.511999130249023,13.6850004196167,17.43400001525879,-0.1704
PHE,22,CE2,332,23.450000762939453,12.824000358581543,19.424999237060547,-0.1704
PHE,22,CZ,333,23.347000122070312,12.798999786376953,18.065000534057617,-0.1072
PHE,22,H,334,19.236000061035156,15.973999977111816,22.54400062561035,0.2719
PHE,22,HA,335,19.156999588012695,14.961999893188477,19.768999099731445,0.0978
PHE,22,1HB,336,21.040000915527344,16.517000198364258,19.79199981689453,0.0295
PHE,22,2HB,337,21.673999786376953,15.779999732971191,21.236000061035156,0.0295
PHE,22,HD1,338,21.131999969482422,15.28499984741211,17.677000045776367,0.133
PHE,22,HD2,339,22.79599952697754,13.755000114440918,21.22100067138672,0.133
PHE,22,HE1,340,22.426000595092773,13.668999671936035,16.356000900268555,0.143
PHE,22,HE2,341,24.104999542236328,12.128999710083008,19.93199920654297,0.143
PHE,22,HZ,342,23.92099952697754,12.081000328063965,17.48699951171875,0.1297
ILE,23,N,343,19.304000854492188,12.697999954223633,20.562999725341797,-0.4157
ILE,23,CA,344,19.284000396728516,11.314000129699707,21.009000778198242,-0.0597
ILE,23,C,345,20.054000854492188,10.463000297546387,20.01799964904785,0.5973
ILE,23,O,346,19.815000534057617,10.565999984741211,18.82900047302246,-0.5679
ILE,23,CB,347,17.83799934387207,10.782999992370605,21.1560001373291,0.1303
ILE,23,CG1,348,17.020999908447266,11.670000076293945,22.097000122070312,-0.043
ILE,23,CG2,349,17.861000061035156,9.336000442504883,21.66200065612793,-0.3204
ILE,23,CD1,350,17.538000106811523,11.708000183105469,23.493999481201172,-0.066
ILE,23,H,351,18.805999755859375,12.9399995803833,19.71500015258789,0.2719
ILE,23,HA,352,19.76799964904785,11.25100040435791,21.979000091552734,0.0869
ILE,23,HB,353,17.34000015258789,10.817000389099121,20.184999465942383,0.0187
ILE,23,1HG1,354,17.011999130249023,12.687000274658203,21.70199966430664,0.0236
ILE,23,2HG1,355,15.994000434875488,11.305999755859375,22.118999481201172,0.0236
ILE,23,1HG2,356,16.841999053955078,8.968000411987305,21.76300048828125,0.0882
ILE,23,2HG2,357,18.39900016784668,8.706999778747559,20.961000442504883,0.0882
ILE,23,3HG2,358,18.358999252319336,9.298999786376953,22.631999969482422,0.0882
ILE,23,1HD1,359,16.9060001373291,12.357000350952148,24.099000930786133,0.0186
ILE,23,2HD1,360,17.533000946044922,10.70199966430664,23.915000915527344,0.0186
ILE,23,3HD1,361,18.538999557495117,12.086999893188477,23.48900032043457,0.0186
ALA,24,N,362,20.898000717163086,9.545000076293945,20.48200035095215,-0.4157
ALA,24,CA,363,21.597999572753906,8.670000076293945,19.53700065612793,0.0337
ALA,24,C,364,21.604999542236328,7.236000061035156,20.034000396728516,0.5973
ALA,24,O,365,22.0310001373291,6.966000080108643,21.148000717163086,-0.5679
ALA,24,CB,366,23.006999969482422,9.159000396728516,19.288999557495117,-0.1825
ALA,24,H,367,21.086000442504883,9.484999656677246,21.472999572753906,0.2719
ALA,24,HA,368,21.05500030517578,8.685999870300293,18.599000930786133,0.0823
ALA,24,1HB,369,23.490999221801758,8.515000343322754,18.554000854492188,0.0603
ALA,24,2HB,370,22.9689998626709,10.161999702453613,18.917999267578125,0.0603
ALA,24,3HB,371,23.56599998474121,9.133999824523926,20.208999633789062,0.0603
VAL,25,N,372,21.20599937438965,6.294000148773193,19.183000564575195,-0.4157
VAL,25,CA,373,21.142000198364258,4.908999919891357,19.634000778198242,-0.0875
VAL,25,C,374,21.84600067138672,3.937999963760376,18.687000274658203,0.5973
VAL,25,O,375,21.743999481201172,4.043000221252441,17.469999313354492,-0.5679
VAL,25,CB,376,19.68000030517578,4.4629998207092285,19.79199981689453,0.2985
VAL,25,CG1,377,19.643999099731445,3.053999900817871,20.25200080871582,-0.3192
VAL,25,CG2,378,18.95800018310547,5.366000175476074,20.750999450683594,-0.3192
VAL,25,H,379,20.81100082397461,6.553999900817871,18.291000366210938,0.2719
VAL,25,HA,380,21.650999069213867,4.8429999351501465,20.590999603271484,0.0969
VAL,25,HB,381,19.17799949645996,4.502999782562256,18.823999404907227,-0.0297
VAL,25,1HG1,382,18.611000061035156,2.740999937057495,20.36199951171875,0.0791
VAL,25,2HG1,383,20.135000228881836,2.4149999618530273,19.531999588012695,0.0791
VAL,25,3HG1,384,20.152999877929688,2.9739999771118164,21.209999084472656,0.0791
VAL,25,1HG2,385,17.923999786376953,5.040999889373779,20.85300064086914,0.0791
VAL,25,2HG2,386,19.45199966430664,5.316999912261963,21.70400047302246,0.0791
VAL,25,3HG2,387,18.97599983215332,6.38700008392334,20.381999969482422,0.0791
GLY,26,N,388,22.70599937438965,3.0869998931884766,19.2450008392334,-0.4157
GLY,26,CA,389,23.46299934387207,2.13700008392334,18.44099998474121,-0.0252
GLY,26,C,390,22.826000213623047,0.7580000162124634,18.518999099731445,0.5973
GLY,26,O,391,22.51799964904785,0.2809999883174896,19.614999771118164,-0.5679
GLY,26,H,392,22.847000122070312,3.118000030517578,20.239999771118164,0.2719
GLY,26,1HA,393,23.496000289916992,2.4749999046325684,17.408000946044922,0.0698
GLY,26,2HA,394,24.490999221801758,2.0880000591278076,18.785999298095703,0.0698
TYR,27,N,395,22.871999740600586,0.04600000008940697,17.38800048828125,-0.4157
TYR,27,CA,396,22.280000686645508,-1.2730000019073486,17.23900032043457,-0.0014
TYR,27,C,397,23.20800018310547,-2.2799999713897705,16.559999465942383,0.5973
TYR,27,O,398,23.95400047302246,-1.940999984741211,15.642999649047852,-0.5679
TYR,27,CB,399,20.961999893188477,-1.1990000009536743,16.45599937438965,-0.0152
TYR,27,CG,400,19.875999450683594,-0.29499998688697815,16.97599983215332,-0.0011
TYR,27,CD1,401,19.863000869750977,1.0410000085830688,16.577999114990234,-0.1906
TYR,27,CD2,402,18.9060001373291,-0.7720000147819519,17.83300018310547,-0.1906
TYR,27,CE1,403,18.88599967956543,1.8869999647140503,17.035999298095703,-0.2341
TYR,27,CE2,404,17.922000885009766,0.07900000363588333,18.295000076293945,-0.2341
TYR,27,CZ,405,17.90999984741211,1.4019999504089355,17.899999618530273,0.3226
TYR,27,OH,406,16.927000045776367,2.249000072479248,18.361000061035156,-0.5579
TYR,27,H,407,23.113000869750977,0.5270000100135803,16.542999267578125,0.2719
TYR,27,HA,408,22.08799934387207,-1.6720000505447388,18.233999252319336,0.0876
TYR,27,1HB,409,21.176000595092773,-0.8690000176429749,15.444999694824219,0.0295
TYR,27,2HB,410,20.52899932861328,-2.2009999752044678,16.405000686645508,0.0295
TYR,27,HD1,411,20.631999969482422,1.4160000085830688,15.899999618530273,0.1699
TYR,27,HD2,412,18.91900062561035,-1.815000057220459,18.145000457763672,0.1699
TYR,27,HE1,413,18.878000259399414,2.930999994277954,16.722000122070312,0.1656
TYR,27,HE2,414,17.15399932861328,-0.2919999957084656,18.972999572753906,0.1656
TYR,27,HH,415,17.06399917602539,3.125999927520752,17.9950008392334,0.3992
VAL,28,N,416,23.048999786376953,-3.5460000038146973,16.90999984741211,-0.4157
VAL,28,CA,417,23.614999771118164,-4.625,16.106000900268555,-0.0875
VAL,28,C,418,22.416000366210938,-5.513000011444092,15.807000160217285,0.5973
VAL,28,O,419,21.825000762939453,-6.090000152587891,16.719999313354492,-0.5679
VAL,28,CB,420,24.72599983215332,-5.451000213623047,16.801000595092773,0.2985
VAL,28,CG1,421,25.208999633789062,-6.525000095367432,15.847999572753906,-0.3192
VAL,28,CG2,422,25.8700008392334,-4.5269999504089355,17.236000061035156,-0.3192
VAL,28,H,423,22.398000717163086,-3.7679998874664307,17.652999877929688,0.2719
VAL,28,HA,424,24.09600067138672,-4.208000183105469,15.225000381469727,0.0969
VAL,28,HB,425,24.336999893188477,-5.942999839782715,17.659000396728516,-0.0297
VAL,28,1HG1,426,25.993000030517578,-7.113999843597412,16.32699966430664,0.0791
VAL,28,2HG1,427,24.3799991607666,-7.178999900817871,15.581999778747559,0.0791
VAL,28,3HG1,428,25.604000091552734,-6.059999942779541,14.960000038146973,0.0791
VAL,28,1HG2,429,26.64699935913086,-5.11899995803833,17.725000381469727,0.0791
VAL,28,2HG2,430,26.288999557495117,-4.0279998779296875,16.360000610351562,0.0791
VAL,28,3HG2,431,25.492000579833984,-3.7799999713897705,17.93199920654297,0.0791
ASP,29,N,432,22.079999923706055,-5.609000205993652,14.527000427246094,-0.5163
ASP,29,CA,433,20.89900016784668,-6.298999786376953,14.043000221252441,0.0381
ASP,29,C,434,19.65399932861328,-5.708000183105469,14.704000473022461,0.5366
ASP,29,O,435,19.405000686645508,-4.506999969482422,14.583999633789062,-0.5819
ASP,29,CB,436,20.976999282836914,-7.796000003814697,14.347999572753906,-0.0303
ASP,29,CG,437,22.148000717163086,-8.42300033569336,13.626999855041504,0.7994
ASP,29,OD1,438,22.384000778198242,-8.02400016784668,12.515999794006348,-0.8014
ASP,29,OD2,439,22.79199981689453,-9.282999992370605,14.175000190734863,-0.8014
ASP,29,H,440,22.650999069213867,-5.139999866485596,13.848999977111816,0.2936
ASP,29,HA,441,20.836000442504883,-6.173999786376953,12.961000442504883,0.088
ASP,29,1HB,442,21.08099937438965,-7.968999862670898,15.411999702453613,-0.0122
ASP,29,2HB,443,20.052000045776367,-8.28600025177002,14.043000221252441,-0.0122
ASP,30,N,444,18.871000289916992,-6.53000020980835,15.394000053405762,-0.5163
ASP,30,CA,445,17.63599967956543,-6.065000057220459,16.016000747680664,0.0381
ASP,30,C,446,17.760000228881836,-5.675000190734863,17.488000869750977,0.5366
ASP,30,O,447,16.753000259399414,-5.3429999351501465,18.115999221801758,-0.5819
ASP,30,CB,448,16.55299949645996,-7.138999938964844,15.888999938964844,-0.0303
ASP,30,CG,449,16.114999771118164,-7.381999969482422,14.446999549865723,0.7994
ASP,30,OD1,450,16.25,-6.489999771118164,13.644000053405762,-0.8014
ASP,30,OD2,451,15.64900016784668,-8.461000442504883,14.163999557495117,-0.8014
ASP,30,H,452,19.12299919128418,-7.502999782562256,15.479000091552734,0.2936
ASP,30,HA,453,17.30699920654297,-5.173999786376953,15.479999542236328,0.088
ASP,30,1HB,454,16.923999786376953,-8.07699966430664,16.304000854492188,-0.0122
ASP,30,2HB,455,15.680999755859375,-6.84499979019165,16.472000122070312,-0.0122
THR,31,N,456,18.95400047302246,-5.800000190734863,18.069000244140625,-0.4157
THR,31,CA,457,19.124000549316406,-5.489999771118164,19.488000869750977,-0.0389
THR,31,C,458,19.844999313354492,-4.164000034332275,19.736000061035156,0.5973
THR,31,O,459,20.768999099731445,-3.7890000343322754,19.020000457763672,-0.5679
THR,31,CB,460,19.892000198364258,-6.624000072479248,20.194000244140625,0.3654
THR,31,CG2,461,20.121999740600586,-6.288000106811523,21.676000595092773,-0.2438
THR,31,OG1,462,19.142000198364258,-7.8420000076293945,20.097999572753906,-0.6761
THR,31,H,463,19.773000717163086,-5.994999885559082,17.506000518798828,0.2719
THR,31,HA,464,18.136999130249023,-5.375999927520752,19.933000564575195,0.1007
THR,31,HB,465,20.8439998626709,-6.758999824523926,19.707000732421875,0.0043
THR,31,HG1,466,19.016000747680664,-8.067000389099121,19.17300033569336,0.4102
THR,31,1HG2,467,20.666000366210938,-7.103000164031982,22.15399932861328,0.0642
THR,31,2HG2,468,20.698999404907227,-5.376999855041504,21.763999938964844,0.0642
THR,31,3HG2,469,19.163000106811523,-6.15500020980835,22.17300033569336,0.0642
GLN,32,N,470,19.305999755859375,-3.3940000534057617,20.680999755859375,-0.4157
GLN,32,CA,471,19.861000061035156,-2.1080000400543213,21.100000381469727,-0.0031
GLN,32,C,472,21.01099967956543,-2.2890000343322754,22.08300018310547,0.5973
GLN,32,O,473,20.878999710083008,-3.0299999713897705,23.055999755859375,-0.5679
GLN,32,CB,474,18.76099967956543,-1.2610000371932983,21.73200035095215,-0.0036
GLN,32,CG,475,19.194000244140625,0.12099999934434891,22.125,-0.0645
GLN,32,CD,476,18.030000686645508,0.9570000171661377,22.645999908447266,0.6951
GLN,32,NE2,477,18.336000442504883,2.055999994277954,23.322999954223633,-0.9407
GLN,32,OE1,478,16.863000869750977,0.6119999885559082,22.440000534057617,-0.6086
GLN,32,H,479,18.492000579833984,-3.73799991607666,21.170000076293945,0.2719
GLN,32,HA,480,20.225000381469727,-1.5800000429153442,20.2189998626709,0.085
GLN,32,1HB,481,17.93199920654297,-1.1660000085830688,21.038999557495117,0.0171
GLN,32,2HB,482,18.384000778198242,-1.7610000371932983,22.624000549316406,0.0171
GLN,32,1HG,483,19.94499969482422,0.04899999871850014,22.909000396728516,0.0352
GLN,32,2HG,484,19.606000900268555,0.5979999899864197,21.253999710083008,0.0352
GLN,32,1HE2,485,17.610000610351562,2.640000104904175,23.687000274658203,0.4251
GLN,32,2HE2,486,19.295000076293945,2.302999973297119,23.469999313354492,0.4251
PHE,33,N,487,22.1299991607666,-1.6050000190734863,21.843000411987305,-0.4157
PHE,33,CA,488,23.285999298095703,-1.722000002861023,22.729000091552734,-0.0024
PHE,33,C,489,23.743999481201172,-0.421999990940094,23.37700080871582,0.5973
PHE,33,O,490,24.19300079345703,-0.4519999921321869,24.517000198364258,-0.5679
PHE,33,CB,491,24.444000244140625,-2.319000005722046,21.940000534057617,-0.0343
PHE,33,CG,492,24.045000076293945,-3.6449999809265137,21.503999710083008,0.0118
PHE,33,CD1,493,23.541000366210938,-3.864000082015991,20.27899932861328,-0.1256
PHE,33,CD2,494,24.176000595092773,-4.690999984741211,22.34000015258789,-0.1256
PHE,33,CE1,495,23.180999755859375,-5.123000144958496,19.915000915527344,-0.1704
PHE,33,CE2,496,23.816999435424805,-5.947999954223633,21.974000930786133,-0.1704
PHE,33,CZ,497,23.320999145507812,-6.1519999504089355,20.76300048828125,-0.1072
PHE,33,H,498,22.18000030517578,-0.9940000176429749,21.04199981689453,0.2719
PHE,33,HA,499,23.01799964904785,-2.388000011444092,23.54800033569336,0.0978
PHE,33,1HB,500,24.684999465942383,-1.6829999685287476,21.086999893188477,0.0295
PHE,33,2HB,501,25.336000442504883,-2.364000082015991,22.55900001525879,0.0295
PHE,33,HD1,502,23.429000854492188,-3.0290000438690186,19.593000411987305,0.133
PHE,33,HD2,503,24.575000762939453,-4.511000156402588,23.305999755859375,0.133
PHE,33,HE1,504,22.775999069213867,-5.307000160217285,18.937000274658203,0.143
PHE,33,HE2,505,23.930999755859375,-6.783999919891357,22.660999298095703,0.143
PHE,33,HZ,506,23.02899932861328,-7.14900016784668,20.459999084472656,0.1297
VAL,34,N,507,23.655000686645508,0.7170000076293945,22.697999954223633,-0.4157
VAL,34,CA,508,24.155000686645508,1.9259999990463257,23.371000289916992,-0.0875
VAL,34,C,509,23.222999572753906,3.121000051498413,23.172000885009766,0.5973
VAL,34,O,510,22.57699966430664,3.244999885559082,22.139999389648438,-0.5679
VAL,34,CB,511,25.555999755859375,2.3259999752044678,22.871999740600586,0.2985
VAL,34,CG1,512,26.565000534057617,1.2280000448226929,23.16900062561035,-0.3192
VAL,34,CG2,513,25.492000579833984,2.615000009536743,21.410999298095703,-0.3192
VAL,34,H,514,23.308000564575195,0.734000027179718,21.739999771118164,0.2719
VAL,34,HA,515,24.19300079345703,1.7339999675750732,24.44099998474121,0.0969
VAL,34,HB,516,25.885000228881836,3.197000026702881,23.393999099731445,-0.0297
VAL,34,1HG1,517,27.54800033569336,1.5290000438690186,22.80900001525879,0.0791
VAL,34,2HG1,518,26.606000900268555,1.0609999895095825,24.23900032043457,0.0791
VAL,34,3HG1,519,26.270000457763672,0.3109999895095825,22.67099952697754,0.0791
VAL,34,1HG2,520,26.479999542236328,2.9000000953674316,21.051000595092773,0.0791
VAL,34,2HG2,521,25.1560001373291,1.7209999561309814,20.893999099731445,0.0791
VAL,34,3HG2,522,24.79199981689453,3.431999921798706,21.233999252319336,0.0791
ARG,35,N,523,23.243999481201172,4.076000213623047,24.107999801635742,-0.3479
ARG,35,CA,524,22.424999237060547,5.2769999504089355,23.94499969482422,-0.2637
ARG,35,C,525,22.95599937438965,6.552999973297119,24.60300064086914,0.7341
ARG,35,O,526,23.51099967956543,6.546000003814697,25.70199966430664,-0.5894
ARG,35,CB,527,21.020000457763672,5.054999828338623,24.47800064086914,-0.0007
ARG,35,CG,528,20.091999053955078,6.264999866485596,24.334999084472656,0.039
ARG,35,CD,529,18.690000534057617,5.929999828338623,24.65399932861328,0.0486
ARG,35,NE,530,17.81800079345703,7.084000110626221,24.5049991607666,-0.5295
ARG,35,CZ,531,16.489999771118164,7.078000068664551,24.725000381469727,0.8076
ARG,35,NH1,532,15.892000198364258,5.9720001220703125,25.104000091552734,-0.8627
ARG,35,NH2,533,15.786999702453613,8.1850004196167,24.56100082397461,-0.8627
ARG,35,H,534,23.797000885009766,3.947999954223633,24.94300079345703,0.2747
ARG,35,HA,535,22.381000518798828,5.486000061035156,22.885000228881836,0.156
ARG,35,1HB,536,20.559999465942383,4.2170000076293945,23.954999923706055,0.0327
ARG,35,2HB,537,21.073999404907227,4.795000076293945,25.527999877929688,0.0327
ARG,35,1HG,538,20.413999557495117,7.054999828338623,25.01300048828125,0.0285
ARG,35,2HG,539,20.118999481201172,6.640999794006348,23.31800079345703,0.0285
ARG,35,1HD,540,18.34000015258789,5.145999908447266,23.98200035095215,0.0687
ARG,35,2HD,541,18.624000549316406,5.578999996185303,25.68400001525879,0.0687
ARG,35,HE,542,18.239999771118164,7.956999778747559,24.21500015258789,0.3456
ARG,35,1HH1,543,16.429000854492188,5.125999927520752,25.229999542236328,0.4478
ARG,35,2HH1,544,14.895999908447266,5.9670000076293945,25.268999099731445,0.4478
ARG,35,1HH2,545,16.246000289916992,9.036999702453613,24.268999099731445,0.4478
ARG,35,2HH2,546,14.791999816894531,8.178999900817871,24.72599983215332,0.4478
PHE,36,N,547,22.8700008392334,7.642000198364258,23.847000122070312,-0.4157
PHE,36,CA,548,23.285999298095703,8.961000442504883,24.284000396728516,-0.0024
PHE,36,C,549,22.076000213623047,9.87399959564209,24.33300018310547,0.5973
PHE,36,O,550,21.281999588012695,9.9399995803833,23.39900016784668,-0.5679
PHE,36,CB,551,24.333999633789062,9.560999870300293,23.368000030517578,-0.0343
PHE,36,CG,552,24.764999389648438,10.9399995803833,23.764999389648438,0.0118
PHE,36,CD1,553,25.660999298095703,11.13599967956543,24.808000564575195,-0.1256
PHE,36,CD2,554,24.27400016784668,12.045000076293945,23.099000930786133,-0.1256
PHE,36,CE1,555,26.052000045776367,12.40999984741211,25.16699981689453,-0.1704
PHE,36,CE2,556,24.665000915527344,13.321000099182129,23.45599937438965,-0.1704
PHE,36,CZ,557,25.55500030517578,13.501999855041504,24.493000030517578,-0.1072
PHE,36,H,558,22.518999099731445,7.543000221252441,22.908000946044922,0.2719
PHE,36,HA,559,23.701000213623047,8.888999938964844,25.290000915527344,0.0978
PHE,36,1HB,560,25.207000732421875,8.92199993133545,23.357999801635742,0.0295
PHE,36,2HB,561,23.944000244140625,9.60099983215332,22.365999221801758,0.0295
PHE,36,HD1,562,26.05500030517578,10.270999908447266,25.340999603271484,0.133
PHE,36,HD2,563,23.57200050354004,11.894000053405762,22.283000946044922,0.133
PHE,36,HE1,564,26.750999450683594,12.553999900817871,25.98200035095215,0.143
PHE,36,HE2,565,24.270999908447266,14.185999870300293,22.92300033569336,0.143
PHE,36,HZ,566,25.863000869750977,14.506999969482422,24.777999877929688,0.1297
ASP,37,N,567,21.985000610351562,10.645999908447266,25.39900016784668,-0.5163
ASP,37,CA,568,20.88599967956543,11.581000328063965,25.569000244140625,0.0381
ASP,37,C,569,21.41200065612793,12.928000450134277,26.0310001373291,0.5366
ASP,37,O,570,21.849000930786133,13.062999725341797,27.167999267578125,-0.5819
ASP,37,CB,571,19.88800048828125,11.008999824523926,26.583999633789062,-0.0303
ASP,37,CG,572,18.631999969482422,11.840999603271484,26.775999069213867,0.7994
ASP,37,OD1,573,18.589000701904297,12.956999778747559,26.319000244140625,-0.8014
ASP,37,OD2,574,17.715999603271484,11.343999862670898,27.389999389648438,-0.8014
ASP,37,H,575,22.683000564575195,10.574999809265137,26.124000549316406,0.2936
ASP,37,HA,576,20.385000228881836,11.708000183105469,24.61199951171875,0.088
ASP,37,1HB,577,19.583999633789062,10.010000228881836,26.261999130249023,-0.0122
ASP,37,2HB,578,20.37700080871582,10.911999702453613,27.549999237060547,-0.0122
SER,38,N,579,21.277000427246094,13.949999809265137,25.187000274658203,-0.4157
SER,38,CA,580,21.759000778198242,15.293999671936035,25.492000579833984,-0.0249
SER,38,C,581,21.143999099731445,15.916000366210938,26.743000030517578,0.5973
SER,38,O,582,21.708999633789062,16.85099983215332,27.30299949645996,-0.5679
SER,38,CB,583,21.507999420166016,16.209999084472656,24.329999923706055,0.2117
SER,38,OG,584,20.134000778198242,16.43600082397461,24.18899917602539,-0.6546
SER,38,H,585,20.85300064086914,13.793999671936035,24.28499984741211,0.2719
SER,38,HA,586,22.832000732421875,15.229999542236328,25.68199920654297,0.0843
SER,38,1HB,587,22.027000427246094,17.152999877929688,24.486000061035156,0.0352
SER,38,2HB,588,21.90999984741211,15.762999534606934,23.433000564575195,0.0352
SER,38,HG,589,19.84600067138672,16.83799934387207,25.011999130249023,0.4275
ASP,39,N,590,19.996000289916992,15.406999588012695,27.187999725341797,-0.5163
ASP,39,CA,591,19.336999893188477,15.942999839782715,28.375,0.0381
ASP,39,C,592,19.937000274658203,15.361000061035156,29.656999588012695,0.5366
ASP,39,O,593,19.604999542236328,15.800000190734863,30.759000778198242,-0.5819
ASP,39,CB,594,17.82900047302246,15.661999702453613,28.360000610351562,-0.0303
ASP,39,CG,595,17.051000595092773,16.468000411987305,27.323999404907227,0.7994
ASP,39,OD1,596,17.503999710083008,17.51799964904785,26.94700050354004,-0.8014
ASP,39,OD2,597,16.0049991607666,16.017000198364258,26.923999786376953,-0.8014
ASP,39,H,598,19.56599998474121,14.633000373840332,26.697999954223633,0.2936
ASP,39,HA,599,19.481000900268555,17.02400016784668,28.391000747680664,0.088
ASP,39,1HB,600,17.663000106811523,14.604999542236328,28.159000396728516,-0.0122
ASP,39,2HB,601,17.41200065612793,15.880999565124512,29.343000411987305,-0.0122
ALA,40,N,602,20.78700065612793,14.350000381469727,29.506999969482422,-0.4157
ALA,40,CA,603,21.39900016784668,13.640999794006348,30.621000289916992,0.0337
ALA,40,C,604,22.340999603271484,14.501999855041504,31.43899917602539,0.5973
ALA,40,O,605,23.05699920654297,15.354999542236328,30.917999267578125,-0.5679
ALA,40,CB,606,22.124000549316406,12.397000312805176,30.132999420166016,-0.1825
ALA,40,H,607,21.034000396728516,14.057999610900879,28.573999404907227,0.2719
ALA,40,HA,608,20.590999603271484,13.347000122070312,31.29199981689453,0.0823
ALA,40,1HB,609,22.517000198364258,11.843999862670898,30.98699951171875,0.0603
ALA,40,2HB,610,21.43199920654297,11.767000198364258,29.58099937438965,0.0603
ALA,40,3HB,611,22.947999954223633,12.6899995803833,29.481000900268555,0.0603
ALA,41,N,612,22.3700008392334,14.241000175476074,32.73500061035156,-0.4157
ALA,41,CA,613,23.29800033569336,14.923999786376953,33.61399841308594,0.0337
ALA,41,C,614,24.722999572753906,14.454999923706055,33.35300064086914,0.5973
ALA,41,O,615,25.672000885009766,15.230999946594238,33.46500015258789,-0.5679
ALA,41,CB,616,22.9060001373291,14.711999893188477,35.066001892089844,-0.1825
ALA,41,H,617,21.742000579833984,13.54800033569336,33.11800003051758,0.2719
ALA,41,HA,618,23.2549991607666,15.989999771118164,33.38800048828125,0.0823
ALA,41,1HB,619,23.590999603271484,15.258999824523926,35.71200180053711,0.0603
ALA,41,2HB,620,21.888999938964844,15.072999954223633,35.2239990234375,0.0603
ALA,41,3HB,621,22.95400047302246,13.649999618530273,35.301998138427734,0.0603
SER,42,N,622,24.868999481201172,13.168999671936035,33.025001525878906,-0.4157
SER,42,CA,623,26.183000564575195,12.574999809265137,32.81800079345703,-0.0249
SER,42,C,624,26.827999114990234,12.958000183105469,31.509000778198242,0.5973
SER,42,O,625,28.05299949645996,13.017999649047852,31.415000915527344,-0.5679
SER,42,CB,626,26.094999313354492,11.065999984741211,32.88399887084961,0.2117
SER,42,OG,627,25.40399932861328,10.5649995803833,31.74799919128418,-0.6546
SER,42,H,628,24.04599952697754,12.588000297546387,32.939998626708984,0.2719
SER,42,HA,629,26.839000701904297,12.925999641418457,33.612998962402344,0.0843
SER,42,1HB,630,27.100000381469727,10.642999649047852,32.92499923706055,0.0352
SER,42,2HB,631,25.57900047302246,10.769000053405762,33.79399871826172,0.0352
SER,42,HG,632,24.531999588012695,10.965999603271484,31.770999908447266,0.4275
GLN,43,N,633,25.99799919128418,13.208000183105469,30.5,-0.4157
GLN,43,CA,634,26.476999282836914,13.470000267028809,29.149999618530273,-0.0031
GLN,43,C,635,27.402000427246094,12.362000465393066,28.655000686645508,0.5973
GLN,43,O,636,28.38800048828125,12.644000053405762,27.976999282836914,-0.5679
GLN,43,CB,637,27.20800018310547,14.8149995803833,29.065000534057617,-0.0036
GLN,43,CG,638,26.3439998626709,16.016000747680664,29.333999633789062,-0.0645
GLN,43,CD,639,25.386999130249023,16.30500030517578,28.201000213623047,0.6951
GLN,43,NE2,640,24.10700035095215,16.19499969482422,28.472000122070312,-0.9407
GLN,43,OE1,641,25.80500030517578,16.628000259399414,27.084999084472656,-0.6086
GLN,43,H,642,25.00200080871582,13.194999694824219,30.66699981689453,0.2719
GLN,43,HA,643,25.615999221801758,13.505000114440918,28.48200035095215,0.085
GLN,43,1HB,644,28.025999069213867,14.842000007629395,29.77400016784668,0.0171
GLN,43,2HB,645,27.63800048828125,14.928999900817871,28.06800079345703,0.0171
GLN,43,1HG,646,25.760000228881836,15.833000183105469,30.238000869750977,0.0352
GLN,43,2HG,647,26.983999252319336,16.886999130249023,29.469999313354492,0.0352
GLN,43,1HE2,648,23.42300033569336,16.371000289916992,27.770000457763672,0.4251
GLN,43,2HE2,649,23.804000854492188,15.930999755859375,29.384000778198242,0.4251
ARG,44,N,650,27.089000701904297,11.104000091552734,28.989999771118164,-0.3479
ARG,44,CA,651,27.899999618530273,9.977999687194824,28.531999588012695,-0.2637
ARG,44,C,652,27.132999420166016,8.925999641418457,27.743000030517578,0.7341
ARG,44,O,653,25.937000274658203,8.72700023651123,27.947999954223633,-0.5894
ARG,44,CB,654,28.576000213623047,9.27299976348877,29.698999404907227,-0.0007
ARG,44,CG,655,29.611000061035156,10.083999633789062,30.437999725341797,0.039
ARG,44,CD,656,30.229000091552734,9.307999610900879,31.53700065612793,0.0486
ARG,44,NE,657,31.211999893188477,10.090999603271484,32.26599884033203,-0.5295
ARG,44,CZ,658,31.950000762939453,9.625,33.29100036621094,0.8076
ARG,44,NH1,659,31.805999755859375,8.383000373840332,33.69599914550781,-0.8627
ARG,44,NH2,660,32.82099914550781,10.418999671936035,33.893001556396484,-0.8627
ARG,44,H,661,26.270999908447266,10.923999786376953,29.569000244140625,0.2747
ARG,44,HA,662,28.67099952697754,10.368000030517578,27.886999130249023,0.156
ARG,44,1HB,663,27.820999145507812,8.972000122070312,30.424999237060547,0.0327
ARG,44,2HB,664,29.06800079345703,8.369000434875488,29.34000015258789,0.0327
ARG,44,1HG,665,30.39699935913086,10.38599967956543,29.746000289916992,0.0285
ARG,44,2HG,666,29.150999069213867,10.956000328063965,30.85700035095215,0.0285
ARG,44,1HD,667,29.454999923706055,8.993000030517578,32.236000061035156,0.0687
ARG,44,2HD,668,30.72800064086914,8.430999755859375,31.125999450683594,0.0687
ARG,44,HE,669,31.35099983215332,11.052000045776367,31.983999252319336,0.3456
ARG,44,1HH1,670,31.141000747680664,7.776000022888184,33.23699951171875,0.4478
ARG,44,2HH1,671,32.36000061035156,8.034000396728516,34.46500015258789,0.4478
ARG,44,1HH2,672,32.93199920654297,11.37399959564209,33.582000732421875,0.4478
ARG,44,2HH2,673,33.375,10.069999694824219,34.65999984741211,0.4478
MET,45,N,674,27.854000091552734,8.220999717712402,26.865999221801758,-0.4157
MET,45,CA,675,27.285999298095703,7.091000080108643,26.138999938964844,-0.0237
MET,45,C,676,27.076000213623047,5.927000045776367,27.106000900268555,0.5973
MET,45,O,677,28.038000106811523,5.439000129699707,27.701000213623047,-0.5679
MET,45,CB,678,28.16699981689453,6.659999847412109,24.972999572753906,0.0342
MET,45,CG,679,27.554000854492188,5.513000011444092,24.17799949645996,0.0018
MET,45,SD,680,26.072999954223633,5.979000091552734,23.291000366210938,-0.2737
MET,45,CE,681,26.75,6.9079999923706055,21.959999084472656,-0.0536
MET,45,H,682,28.82900047302246,8.456000328063965,26.722999572753906,0.2719
MET,45,HA,683,26.32200050354004,7.389999866485596,25.72599983215332,0.088
MET,45,1HB,684,28.33099937438965,7.50600004196167,24.30299949645996,0.0241
MET,45,2HB,685,29.145999908447266,6.3470001220703125,25.34600067138672,0.0241
MET,45,1HG,686,28.256000518798828,5.144999980926514,23.468000411987305,0.044
MET,45,2HG,687,27.30299949645996,4.702000141143799,24.85099983215332,0.044
MET,45,1HE,688,25.94300079345703,7.264999866485596,21.31999969482422,0.0684
MET,45,2HE,689,27.29599952697754,7.744999885559082,22.35700035095215,0.0684
MET,45,3HE,690,27.42300033569336,6.2769999504089355,21.378999710083008,0.0684
GLU,46,N,691,25.839000701904297,5.464000225067139,27.249000549316406,-0.5163
GLU,46,CA,692,25.535999298095703,4.419000148773193,28.216999053955078,0.0397
GLU,46,C,693,25.163999557495117,3.0759999752044678,27.576000213623047,0.5366
GLU,46,O,694,24.62700080871582,3.0429999828338623,26.474000930786133,-0.5819
GLU,46,CB,695,24.398000717163086,4.875,29.135000228881836,0.056
GLU,46,CG,696,24.724000930786133,6.026000022888184,30.04599952697754,0.0136
GLU,46,CD,697,23.55699920654297,6.4120001792907715,30.93000030517578,0.8054
GLU,46,OE1,698,22.48699951171875,5.855999946594238,30.77199935913086,-0.8188
GLU,46,OE2,699,23.73699951171875,7.264999866485596,31.767000198364258,-0.8188
GLU,46,H,700,25.077999114990234,5.895999908447266,26.7450008392334,0.2936
GLU,46,HA,701,26.444000244140625,4.248000144958496,28.78700065612793,0.1105
GLU,46,1HB,702,23.54599952697754,5.169000148773193,28.524999618530273,-0.0173
GLU,46,2HB,703,24.079999923706055,4.051000118255615,29.763999938964844,-0.0173
GLU,46,1HG,704,25.56999969482422,5.750999927520752,30.673999786376953,-0.0425
GLU,46,2HG,705,25.01799964904785,6.879000186920166,29.44499969482422,-0.0425
PRO,47,N,706,25.507999420166016,1.937999963760376,28.20400047302246,-0.2548
PRO,47,CA,707,25.1560001373291,0.6010000109672546,27.76099967956543,-0.0266
PRO,47,C,708,23.659000396728516,0.36899998784065247,27.937999725341797,0.5896
PRO,47,O,709,23.054000854492188,0.8579999804496765,28.895000457763672,-0.5748
PRO,47,CB,710,25.979999542236328,-0.29600000381469727,28.69700050354004,-0.007
PRO,47,CG,711,26.16200065612793,0.5289999842643738,29.95199966430664,0.0189
PRO,47,CD,712,26.246000289916992,1.968000054359436,29.479000091552734,0.0192
PRO,47,HA,713,25.46500015258789,0.46299999952316284,26.71500015258789,0.0641
PRO,47,1HB,714,25.440000534057617,-1.2389999628067017,28.882999420166016,0.0253
PRO,47,2HB,715,26.923999786376953,-0.5609999895095825,28.23699951171875,0.0253
PRO,47,1HG,716,25.316999435424805,0.36500000953674316,30.635000228881836,0.0213
PRO,47,2HG,717,27.070999145507812,0.20999999344348907,30.481000900268555,0.0213
PRO,47,1HD,718,25.764999389648438,2.6080000400543213,30.222000122070312,0.0391
PRO,47,2HD,719,27.30299949645996,2.253000020980835,29.336999893188477,0.0391
ARG,48,N,720,23.069000244140625,-0.36000001430511475,27.003000259399414,-0.3479
ARG,48,CA,721,21.663000106811523,-0.7409999966621399,27.03499984741211,-0.2637
ARG,48,C,722,21.500999450683594,-2.246000051498413,26.881000518798828,0.7341
ARG,48,O,723,20.39299964904785,-2.743000030517578,26.680999755859375,-0.5894
ARG,48,CB,724,20.89299964904785,-0.03400000184774399,25.92799949645996,-0.0007
ARG,48,CG,725,20.79400062561035,1.4709999561309814,26.111000061035156,0.039
ARG,48,CD,726,19.895999908447266,1.7740000486373901,27.259000778198242,0.0486
ARG,48,NE,727,19.740999221801758,3.191999912261963,27.5049991607666,-0.5295
ARG,48,CZ,728,20.500999450683594,3.9059998989105225,28.356000900268555,0.8076
ARG,48,NH1,729,21.461000442504883,3.3410000801086426,29.038999557495117,-0.8627
ARG,48,NH2,730,20.295000076293945,5.197000026702881,28.52400016784668,-0.8627
ARG,48,H,731,23.642000198364258,-0.7670000195503235,26.28499984741211,0.2747
ARG,48,HA,732,21.2450008392334,-0.45899999141693115,28.000999450683594,0.156
ARG,48,1HB,733,21.368000030517578,-0.22200000286102295,24.969999313354492,0.0327
ARG,48,2HB,734,19.881000518798828,-0.4309999942779541,25.868999481201172,0.0327
ARG,48,1HG,735,21.781999588012695,1.8890000581741333,26.30900001525879,0.0285
ARG,48,2HG,736,20.391000747680664,1.9240000247955322,25.211000442504883,0.0285
ARG,48,1HD,737,18.908000946044922,1.3619999885559082,27.055999755859375,0.0687
ARG,48,2HD,738,20.30699920654297,1.3240000009536743,28.160999298095703,0.0687
ARG,48,HE,739,19.01099967956543,3.678999900817871,27.00200080871582,0.3456
ARG,48,1HH1,740,21.663000106811523,2.3529999256134033,28.948999404907227,0.4478
ARG,48,2HH1,741,22.007999420166016,3.9200000762939453,29.66900062561035,0.4478
ARG,48,1HH2,742,19.56100082397461,5.669000148773193,28.013999938964844,0.4478
ARG,48,2HH2,743,20.88800048828125,5.701000213623047,29.174999237060547,0.4478
ALA,49,N,744,22.610000610351562,-2.9660000801086426,26.97800064086914,-0.4157
ALA,49,CA,745,22.59000015258789,-4.414999961853027,26.8439998626709,0.0337
ALA,49,C,746,23.652000427246094,-4.991000175476074,27.7810001373291,0.5973
ALA,49,O,747,24.702999114990234,-4.381999969482422,27.944000244140625,-0.5679
ALA,49,CB,748,22.875,-4.811999797821045,25.426000595092773,-0.1825
ALA,49,H,749,23.48900032043457,-2.5,27.156999588012695,0.2719
ALA,49,HA,750,21.61400032043457,-4.795000076293945,27.107999801635742,0.0823
ALA,49,1HB,751,22.954999923706055,-5.895999908447266,25.351999282836914,0.0603
ALA,49,2HB,752,22.072999954223633,-4.4720001220703125,24.7810001373291,0.0603
ALA,49,3HB,753,23.79800033569336,-4.349999904632568,25.152999877929688,0.0603
PRO,50,N,754,23.420000076293945,-6.1479997634887695,28.41900062561035,-0.2548
PRO,50,CA,755,24.3799991607666,-6.860000133514404,29.249000549316406,-0.0266
PRO,50,C,756,25.729999542236328,-6.995999813079834,28.55699920654297,0.5896
PRO,50,O,757,26.724000930786133,-6.4079999923706055,28.98200035095215,-0.5748
PRO,50,CB,758,23.687999725341797,-8.222000122070312,29.441999435424805,-0.007
PRO,50,CG,759,22.232999801635742,-7.88700008392334,29.405000686645508,0.0189
PRO,50,CD,760,22.12299919128418,-6.8520002365112305,28.308000564575195,0.0192
PRO,50,HA,761,24.496999740600586,-6.330999851226807,30.204999923706055,0.0641
PRO,50,1HB,762,23.988000869750977,-8.918000221252441,28.645999908447266,0.0253
PRO,50,2HB,763,24.003999710083008,-8.67199993133545,30.393999099731445,0.0253
PRO,50,1HG,764,21.638999938964844,-8.788999557495117,29.201000213623047,0.0213
PRO,50,2HG,765,21.905000686645508,-7.506999969482422,30.382999420166016,0.0213
PRO,50,1HD,766,22.003000259399414,-7.329999923706055,27.325000762939453,0.0391
PRO,50,2HD,767,21.259000778198242,-6.2230000495910645,28.55500030517578,0.0391
TRP,51,N,768,25.69499969482422,-7.559000015258789,27.349000930786133,-0.4157
TRP,51,CA,769,26.89299964904785,-7.789000034332275,26.55299949645996,-0.0275
TRP,51,C,770,27.878999710083008,-6.656000137329102,26.35099983215332,0.5973
TRP,51,O,771,29.006000518798828,-6.73799991607666,26.83099937438965,-0.5679
TRP,51,CB,772,26.58300018310547,-8.263999938964844,25.17099952697754,-0.005
TRP,51,CG,773,27.809999465942383,-8.133999824523926,24.42300033569336,-0.1415
TRP,51,CD1,774,29.027999877929688,-8.678999900817871,24.643999099731445,-0.1638
TRP,51,CD2,775,27.905000686645508,-7.360000133514404,23.268999099731445,0.1243
TRP,51,CE2,776,29.19300079345703,-7.458000183105469,22.819000244140625,0.138
TRP,51,CE3,777,27.017000198364258,-6.611999988555908,22.604999542236328,-0.2387
TRP,51,NE1,778,29.8799991607666,-8.27299976348877,23.674999237060547,-0.3418
TRP,51,CZ2,779,29.599000930786133,-6.814000129699707,21.714000701904297,-0.2601
TRP,51,CZ3,780,27.389999389648438,-5.956999778747559,21.496999740600586,-0.1972
TRP,51,CH2,781,28.631000518798828,-6.046000003814697,21.054000854492188,-0.1134
TRP,51,H,782,24.83099937438965,-7.986999988555908,27.047000885009766,0.2719
TRP,51,HA,783,27.44499969482422,-8.583000183105469,27.05500030517578,0.1123
TRP,51,1HB,784,26.229999542236328,-9.295999526977539,25.197999954223633,0.0339
TRP,51,2HB,785,25.777000427246094,-7.666999816894531,24.740999221801758,0.0339
TRP,51,HD1,786,29.283000946044922,-9.33899974822998,25.47100067138672,0.2062
TRP,51,HE1,787,30.85099983215332,-8.527999877929688,23.599000930786133,0.3412
TRP,51,HE3,788,26.027000427246094,-6.559000015258789,22.976999282836914,0.17
TRP,51,HZ2,789,30.608999252319336,-6.880000114440918,21.344999313354492,0.1572
TRP,51,HZ3,790,26.652999877929688,-5.353000164031982,20.97100067138672,0.1447
TRP,51,HH2,791,28.871000289916992,-5.51800012588501,20.187000274658203,0.1417
ILE,52,N,792,27.417999267578125,-5.548999786376953,25.757999420166016,-0.4157
ILE,52,CA,793,28.273000717163086,-4.421000003814697,25.365999221801758,-0.0597
ILE,52,C,794,29.163000106811523,-3.88100004196167,26.482999801635742,0.5973
ILE,52,O,795,30.170000076293945,-3.2279999256134033,26.202999114990234,-0.5679
ILE,52,CB,796,27.42799949645996,-3.249000072479248,24.82200050354004,0.1303
ILE,52,CG1,797,28.336999893188477,-2.259999990463257,24.089000701904297,-0.043
ILE,52,CG2,798,26.67799949645996,-2.559000015258789,25.91900062561035,-0.3204
ILE,52,CD1,799,28.965999603271484,-2.828000068664551,22.83099937438965,-0.066
ILE,52,H,800,26.450000762939453,-5.534999847412109,25.466999053955078,0.2719
ILE,52,HA,801,28.945999145507812,-4.767000198364258,24.583999633789062,0.0869
ILE,52,HB,802,26.71299934387207,-3.628999948501587,24.099000930786133,0.0187
ILE,52,1HG1,803,27.756000518798828,-1.3839999437332153,23.823999404907227,0.0236
ILE,52,2HG1,804,29.132999420166016,-1.9459999799728394,24.764999389648438,0.0236
ILE,52,1HG2,805,26.097999572753906,-1.7430000305175781,25.503999710083008,0.0882
ILE,52,2HG2,806,26.023000717163086,-3.259999990463257,26.392000198364258,0.0882
ILE,52,3HG2,807,27.37700080871582,-2.1689999103546143,26.645000457763672,0.0882
ILE,52,1HD1,808,29.597999572753906,-2.069999933242798,22.365999221801758,0.0186
ILE,52,2HD1,809,29.572999954223633,-3.697999954223633,23.086999893188477,0.0186
ILE,52,3HD1,810,28.183000564575195,-3.122999906539917,22.136999130249023,0.0186
GLU,53,N,811,28.847999572753906,-4.208000183105469,27.739999771118164,-0.5163
GLU,53,CA,812,29.634000778198242,-3.7799999713897705,28.891000747680664,0.0397
GLU,53,C,813,31.030000686645508,-4.408999919891357,28.886999130249023,0.5366
GLU,53,O,814,31.908000946044922,-3.993000030517578,29.64299964904785,-0.5819
GLU,53,CB,815,28.913000106811523,-4.144000053405762,30.184999465942383,0.056
GLU,53,CG,816,27.608999252319336,-3.380000114440918,30.402000427246094,0.0136
GLU,53,CD,817,26.910999298095703,-3.757999897003174,31.68000030517578,0.8054
GLU,53,OE1,818,27.38599967956543,-4.639999866485596,32.35499954223633,-0.8188
GLU,53,OE2,819,25.900999069213867,-3.1670000553131104,31.981000900268555,-0.8188
GLU,53,H,820,28.054000854492188,-4.811999797821045,27.916000366210938,0.2936
GLU,53,HA,821,29.75200080871582,-2.6989998817443848,28.850000381469727,0.1105
GLU,53,1HB,822,28.68600082397461,-5.209000110626221,30.187999725341797,-0.0173
GLU,53,2HB,823,29.56599998474121,-3.947999954223633,31.034000396728516,-0.0173
GLU,53,1HG,824,27.82699966430664,-2.312000036239624,30.42300033569336,-0.0425
GLU,53,2HG,825,26.944000244140625,-3.572000026702881,29.55699920654297,-0.0425
GLN,54,N,826,31.243999481201172,-5.366000175476074,27.976999282836914,-0.4157
GLN,54,CA,827,32.500999450683594,-6.080999851226807,27.795000076293945,-0.0031
GLN,54,C,828,33.6349983215332,-5.104000091552734,27.513999938964844,0.5973
GLN,54,O,829,34.7859992980957,-5.359000205993652,27.8700008392334,-0.5679
GLN,54,CB,830,32.36899948120117,-7.093999862670898,26.650999069213867,-0.0036
GLN,54,CG,831,33.57899856567383,-7.986999988555908,26.459999084472656,-0.0645
GLN,54,CD,832,33.8129997253418,-8.90999984741211,27.641000747680664,0.6951
GLN,54,NE2,833,35.03300094604492,-8.904000282287598,28.163999557495117,-0.9407
GLN,54,OE1,834,32.904998779296875,-9.619000434875488,28.082000732421875,-0.6086
GLN,54,H,835,30.448999404907227,-5.697999954223633,27.45400047302246,0.2719
GLN,54,HA,836,32.73699951171875,-6.609000205993652,28.716999053955078,0.085
GLN,54,1HB,837,31.506999969482422,-7.736999988555908,26.829999923706055,0.0171
GLN,54,2HB,838,32.194000244140625,-6.564000129699707,25.71299934387207,0.0171
GLN,54,1HG,839,33.426998138427734,-8.60200023651123,25.570999145507812,0.0352
GLN,54,2HG,840,34.4630012512207,-7.361000061035156,26.336000442504883,0.0352
GLN,54,1HE2,841,35.24599838256836,-9.491999626159668,28.945999145507812,0.4251
GLN,54,2HE2,842,35.74100112915039,-8.312999725341797,27.775999069213867,0.4251
GLU,55,N,843,33.30500030517578,-3.9839999675750732,26.8700008392334,-0.5163
GLU,55,CA,844,34.30099868774414,-2.9820001125335693,26.534000396728516,0.0397
GLU,55,C,845,34.72999954223633,-2.2219998836517334,27.781999588012695,0.5366
GLU,55,O,846,33.90599822998047,-1.8980000019073486,28.636999130249023,-0.5819
GLU,55,CB,847,33.76100158691406,-2.00600004196167,25.493000030517578,0.056
GLU,55,CG,848,33.513999938964844,-2.578000068664551,24.121999740600586,0.0136
GLU,55,CD,849,33.01900100708008,-1.5299999713897705,23.1560001373291,0.8054
GLU,55,OE1,850,32.29999923706055,-0.656000018119812,23.572999954223633,-0.8188
GLU,55,OE2,851,33.36199951171875,-1.6080000400543213,22.006000518798828,-0.8188
GLU,55,H,852,32.340999603271484,-3.8289999961853027,26.599000930786133,0.2936
GLU,55,HA,853,35.183998107910156,-3.4820001125335693,26.134000778198242,0.1105
GLU,55,1HB,854,32.814998626708984,-1.5889999866485596,25.8439998626709,-0.0173
GLU,55,2HB,855,34.444000244140625,-1.2089999914169312,25.384000778198242,-0.0173
GLU,55,1HG,856,34.44200134277344,-3.00600004196167,23.7450008392334,-0.0425
GLU,55,2HG,857,32.779998779296875,-3.38100004196167,24.201000213623047,-0.0425
GLY,56,N,858,36.02399826049805,-1.940000057220459,27.885000228881836,-0.4157
GLY,56,CA,859,36.54899978637695,-1.2070000171661377,29.02899932861328,-0.0252
GLY,56,C,860,36.21500015258789,0.28600001335144043,28.96299934387207,0.5973
GLY,56,O,861,35.65599822998047,0.7509999871253967,27.968000411987305,-0.5679
GLY,56,H,862,36.65599822998047,-2.24399995803833,27.158000946044922,0.2719
GLY,56,1HA,863,36.12099838256836,-1.6510000228881836,29.92300033569336,0.0698
GLY,56,2HA,864,37.630001068115234,-1.3309999704360962,29.070999145507812,0.0698
PRO,57,N,865,36.51100158691406,1.0329999923706055,30.04400062561035,-0.2548
PRO,57,CA,866,36.32500076293945,2.4639999866485596,30.229000091552734,-0.0266
PRO,57,C,867,36.86800003051758,3.306999921798706,29.09000015258789,0.5896
PRO,57,O,868,36.29399871826172,4.339000225067139,28.756999969482422,-0.5748
PRO,57,CB,869,37.0989990234375,2.7290000915527344,31.525999069213867,-0.007
PRO,57,CG,870,36.999000549316406,1.4429999589920044,32.28300094604492,0.0189
PRO,57,CD,871,37.11000061035156,0.37299999594688416,31.226999282836914,0.0192
PRO,57,HA,872,35.25199890136719,2.6710000038146973,30.351999282836914,0.0641
PRO,57,1HB,873,38.13800048828125,3.006999969482422,31.29199981689453,0.0253
PRO,57,2HB,874,36.6510009765625,3.5769999027252197,32.064998626708984,0.0253
PRO,57,1HG,875,37.80099868774414,1.38100004196167,33.03200149536133,0.0213
PRO,57,2HG,876,36.047000885009766,1.3980000019073486,32.83100128173828,0.0213
PRO,57,1HD,877,38.16299819946289,0.1080000028014183,31.048999786376953,0.0391
PRO,57,2HD,878,36.54199981689453,-0.4869999885559082,31.579999923706055,0.0391
GLU,58,N,879,37.915000915527344,2.812999963760376,28.434999465942383,-0.5163
GLU,58,CA,880,38.555999755859375,3.5230000019073486,27.340999603271484,0.0397
GLU,58,C,881,37.64699935913086,3.6659998893737793,26.136999130249023,0.5366
GLU,58,O,882,37.7859992980957,4.605000019073486,25.357999801635742,-0.5819
GLU,58,CB,883,39.83700180053711,2.8010001182556152,26.93000030517578,0.056
GLU,58,CG,884,40.939998626708984,2.8559999465942383,27.972999572753906,0.0136
GLU,58,CD,885,42.180999755859375,2.114000082015991,27.558000564575195,0.8054
GLU,58,OE1,886,42.1510009765625,1.468000054359436,26.538000106811523,-0.8188
GLU,58,OE2,887,43.159000396728516,2.193000078201294,28.26300048828125,-0.8188
GLU,58,H,888,38.31999969482422,1.944000005722046,28.753000259399414,0.2936
GLU,58,HA,889,38.79600143432617,4.531000137329102,27.68000030517578,0.1105
GLU,58,1HB,890,39.612998962402344,1.7519999742507935,26.72800064086914,-0.0173
GLU,58,2HB,891,40.22200012207031,3.23799991607666,26.007999420166016,-0.0173
GLU,58,1HG,892,41.19900131225586,3.8970000743865967,28.158000946044922,-0.0425
GLU,58,2HG,893,40.5620002746582,2.430999994277954,28.905000686645508,-0.0425
TYR,59,N,894,36.810001373291016,2.6630001068115234,25.920000076293945,-0.4157
TYR,59,CA,895,35.89400100708008,2.6710000038146973,24.799999237060547,-0.0014
TYR,59,C,896,34.73400115966797,3.5829999446868896,25.06100082397461,0.5973
TYR,59,O,897,34.323001861572266,4.339000225067139,24.187999725341797,-0.5679
TYR,59,CB,898,35.42399978637695,1.2580000162124634,24.535999298095703,-0.0152
TYR,59,CG,899,36.499000549316406,0.3499999940395355,24.023000717163086,-0.0011
TYR,59,CD1,900,37.22700119018555,-0.4099999964237213,24.916000366210938,-0.1906
TYR,59,CD2,901,36.76300048828125,0.2750000059604645,22.667999267578125,-0.1906
TYR,59,CE1,902,38.21500015258789,-1.246999979019165,24.466999053955078,-0.2341
TYR,59,CE2,903,37.75699996948242,-0.5659999847412109,22.209999084472656,-0.2341
TYR,59,CZ,904,38.47999954223633,-1.3240000009536743,23.10700035095215,0.3226
TYR,59,OH,905,39.470001220703125,-2.1619999408721924,22.652000427246094,-0.5579
TYR,59,H,906,36.652000427246094,1.9930000305175781,26.65999984741211,0.2719
TYR,59,HA,907,36.4370002746582,2.9830000400543213,23.906999588012695,0.0876
TYR,59,1HB,908,35.0359992980957,0.8500000238418579,25.45800018310547,0.0295
TYR,59,2HB,909,34.6150016784668,1.2699999809265137,23.808000564575195,0.0295
TYR,59,HD1,910,37.01300048828125,-0.3440000116825104,25.975000381469727,0.1699
TYR,59,HD2,911,36.18899917602539,0.878000020980835,21.96500015258789,0.1699
TYR,59,HE1,912,38.78499984741211,-1.8450000286102295,25.176000595092773,0.1656
TYR,59,HE2,913,37.970001220703125,-0.6299999952316284,21.143999099731445,0.1656
TYR,59,HH,914,39.87300109863281,-2.61299991607666,23.398000717163086,0.3992
TRP,60,N,915,34.30500030517578,3.61299991607666,26.31399917602539,-0.4157
TRP,60,CA,916,33.15599822998047,4.416999816894531,26.676000595092773,-0.0275
TRP,60,C,917,33.534000396728516,5.889999866485596,26.625,0.5973
TRP,60,O,918,32.79100036621094,6.701000213623047,26.077999114990234,-0.5679
TRP,60,CB,919,32.6879997253418,4.019999980926514,28.07200050354004,-0.005
TRP,60,CG,920,32.047000885009766,2.6530001163482666,28.090999603271484,-0.1415
TRP,60,CD1,921,32.50699996948242,1.5509999990463257,28.7450008392334,-0.1638
TRP,60,CD2,922,30.81999969482422,2.243000030517578,27.420000076293945,0.1243
TRP,60,CE2,923,30.624000549316406,0.8899999856948853,27.726999282836914,0.138
TRP,60,CE3,924,29.884000778198242,2.9019999504089355,26.599000930786133,-0.2387
TRP,60,NE1,925,31.66200065612793,0.48500001430511475,28.533000946044922,-0.3418
TRP,60,CZ2,926,29.535999298095703,0.18400000035762787,27.240999221801758,-0.2601
TRP,60,CZ3,927,28.79599952697754,2.181999921798706,26.118999481201172,-0.1972
TRP,60,CH2,928,28.631000518798828,0.8640000224113464,26.43400001525879,-0.1134
TRP,60,H,929,34.672000885009766,2.927999973297119,26.97100067138672,0.2719
TRP,60,HA,930,32.34600067138672,4.211999893188477,25.97599983215332,0.1123
TRP,60,1HB,931,33.53799819946289,4.0229997634887695,28.756000518798828,0.0339
TRP,60,2HB,932,31.969999313354492,4.754000186920166,28.437999725341797,0.0339
TRP,60,HD1,933,33.4109992980957,1.5169999599456787,29.347000122070312,0.2062
TRP,60,HE1,934,31.783000946044922,-0.4449999928474426,28.908000946044922,0.3412
TRP,60,HE3,935,30.010000228881836,3.9570000171661377,26.34600067138672,0.17
TRP,60,HZ2,936,29.378999710083008,-0.8650000095367432,27.475000381469727,0.1572
TRP,60,HZ3,937,28.076000213623047,2.691999912261963,25.485000610351562,0.1447
TRP,60,HH2,938,27.770000457763672,0.33000001311302185,26.042999267578125,0.1417
ASP,61,N,939,34.79899978637695,6.183000087738037,26.945999145507812,-0.5163
ASP,61,CA,940,35.266998291015625,7.563000202178955,26.94300079345703,0.0381
ASP,61,C,941,35.38999938964844,8.092000007629395,25.520000457763672,0.5366
ASP,61,O,942,34.86199951171875,9.15999984741211,25.208999633789062,-0.5819
ASP,61,CB,943,36.61600112915039,7.689000129699707,27.6560001373291,-0.0303
ASP,61,CG,944,36.50899887084961,7.539000034332275,29.176000595092773,0.7994
ASP,61,OD1,945,35.415000915527344,7.584000110626221,29.683000564575195,-0.8014
ASP,61,OD2,946,37.5260009765625,7.380000114440918,29.809999465942383,-0.8014
ASP,61,H,947,35.34400177001953,5.495999813079834,27.447999954223633,0.2936
ASP,61,HA,948,34.53300094604492,8.178000450134277,27.464000701904297,0.088
ASP,61,1HB,949,37.29899978637695,6.926000118255615,27.277000427246094,-0.0122
ASP,61,2HB,950,37.053001403808594,8.663000106811523,27.434999465942383,-0.0122
GLU,62,N,951,35.90800094604492,7.251999855041504,24.615999221801758,-0.5163
GLU,62,CA,952,36.0989990234375,7.670000076293945,23.231000900268555,0.0397
GLU,62,C,953,34.775001525878906,7.752999782562256,22.493999481201172,0.5366
GLU,62,O,954,34.569000244140625,8.657999992370605,21.684999465942383,-0.5819
GLU,62,CB,955,37.03499984741211,6.710000038146973,22.4950008392334,0.056
GLU,62,CG,956,38.48500061035156,6.770999908447266,22.96500015258789,0.0136
GLU,62,CD,957,39.38100051879883,5.795000076293945,22.246000289916992,0.8054
GLU,62,OE1,958,38.88100051879883,5.019000053405762,21.466999053955078,-0.8188
GLU,62,OE2,959,40.566001892089844,5.828000068664551,22.476999282836914,-0.8188
GLU,62,H,960,36.3650016784668,6.4039998054504395,24.93199920654297,0.2936
GLU,62,HA,961,36.55500030517578,8.66100025177002,23.229000091552734,0.1105
GLU,62,1HB,962,36.678001403808594,5.684999942779541,22.625999450683594,-0.0173
GLU,62,2HB,963,37.01499938964844,6.931000232696533,21.42799949645996,-0.0173
GLU,62,1HG,964,38.86399841308594,7.7789998054504395,22.804000854492188,-0.0425
GLU,62,2HG,965,38.52000045776367,6.565999984741211,24.027000427246094,-0.0425
GLU,63,N,966,33.85599899291992,6.849999904632568,22.834999084472656,-0.5163
GLU,63,CA,967,32.56399917602539,6.7829999923706055,22.174999237060547,0.0397
GLU,63,C,968,31.773000717163086,8.017999649047852,22.551000595092773,0.5366
GLU,63,O,969,31.209999084472656,8.6850004196167,21.68400001525879,-0.5819
GLU,63,CB,970,31.81399917602539,5.51200008392334,22.57200050354004,0.056
GLU,63,CG,971,30.503000259399414,5.316999912261963,21.847999572753906,0.0136
GLU,63,CD,972,30.667999267578125,5.144999980926514,20.363000869750977,0.8054
GLU,63,OE1,973,31.7549991607666,4.835999965667725,19.937999725341797,-0.8188
GLU,63,OE2,974,29.707000732421875,5.322000026702881,19.65399932861328,-0.8188
GLU,63,H,975,34.106998443603516,6.111999988555908,23.472999572753906,0.2936
GLU,63,HA,976,32.71799850463867,6.761000156402588,21.094999313354492,0.1105
GLU,63,1HB,977,32.4379997253418,4.644000053405762,22.37700080871582,-0.0173
GLU,63,2HB,978,31.606000900268555,5.5320000648498535,23.645999908447266,-0.0173
GLU,63,1HG,979,30.011999130249023,4.435999870300293,22.25200080871582,-0.0425
GLU,63,2HG,980,29.867000579833984,6.179999828338623,22.040000915527344,-0.0425
THR,64,N,981,31.93899917602539,8.435999870300293,23.805999755859375,-0.4157
THR,64,CA,982,31.23699951171875,9.593999862670898,24.319000244140625,-0.0389
THR,64,C,983,31.740999221801758,10.842000007629395,23.615999221801758,0.5973
THR,64,O,984,30.96500015258789,11.628999710083008,23.089000701904297,-0.5679
THR,64,CB,985,31.393999099731445,9.762999534606934,25.82900047302246,0.3654
THR,64,CG2,986,30.698999404907227,11.02400016784668,26.243999481201172,-0.2438
THR,64,OG1,987,30.81999969482422,8.635000228881836,26.507999420166016,-0.6761
THR,64,H,988,32.301998138427734,7.7789998054504395,24.48200035095215,0.2719
THR,64,HA,989,30.176000595092773,9.468999862670898,24.1200008392334,0.1007
THR,64,HB,990,32.45000076293945,9.817999839782715,26.08300018310547,0.0043
THR,64,HG1,991,31.268999099731445,7.831999778747559,26.229999542236328,0.4102
THR,64,1HG2,992,30.801000595092773,11.16100025177002,27.319000244140625,0.0642
THR,64,2HG2,993,31.14900016784668,11.86400032043457,25.725000381469727,0.0642
THR,64,3HG2,994,29.643999099731445,10.958000183105469,25.986000061035156,0.0642
GLY,65,N,995,33.04999923706055,10.909000396728516,23.416000366210938,-0.4157
GLY,65,CA,996,33.62699890136719,12.07800006866455,22.774999618530273,-0.0252
GLY,65,C,997,33.029998779296875,12.260000228881836,21.381000518798828,0.5973
GLY,65,O,998,32.516998291015625,13.331000328063965,21.049999237060547,-0.5679
GLY,65,H,999,33.659000396728516,10.288000106811523,23.933000564575195,0.2719
GLY,65,1HA,1000,33.4379997253418,12.963000297546387,23.384000778198242,0.0698
GLY,65,2HA,1001,34.70800018310547,11.963000297546387,22.708999633789062,0.0698
LYS,66,N,1002,32.94300079345703,11.149999618530273,20.645999908447266,-0.3479
LYS,66,CA,1003,32.435001373291016,11.145000457763672,19.281999588012695,-0.24
LYS,66,C,1004,30.948999404907227,11.472999572753906,19.17300033569336,0.7341
LYS,66,O,1005,30.56800079345703,12.307999610900879,18.354999542236328,-0.5894
LYS,66,CB,1006,32.69900131225586,9.781999588012695,18.641000747680664,-0.0094
LYS,66,CG,1007,34.16299819946289,9.49899959564209,18.351999282836914,0.0187
LYS,66,CD,1008,34.345001220703125,8.107999801635742,17.767000198364258,-0.0479
LYS,66,CE,1009,35.81100082397461,7.804999828338623,17.500999450683594,-0.0143
LYS,66,NZ,1010,36.00600051879883,6.431000232696533,16.95599937438965,-0.3854
LYS,66,H,1011,33.38800048828125,10.309000015258789,20.993999481201172,0.2747
LYS,66,HA,1012,32.9640007019043,11.916000366210938,18.722000122070312,0.1426
LYS,66,1HB,1013,32.32899856567383,8.994000434875488,19.29800033569336,0.0362
LYS,66,2HB,1014,32.152000427246094,9.711000442504883,17.70199966430664,0.0362
LYS,66,1HG,1015,34.54399871826172,10.236000061035156,17.643999099731445,0.0103
LYS,66,2HG,1016,34.737998962402344,9.576000213623047,19.270999908447266,0.0103
LYS,66,1HD,1017,33.94900131225586,7.367000102996826,18.466999053955078,0.0621
LYS,66,2HD,1018,33.79399871826172,8.031999588012695,16.829999923706055,0.0621
LYS,66,1HE,1019,36.20000076293945,8.529999732971191,16.78700065612793,0.1135
LYS,66,2HE,1020,36.36899948120117,7.900000095367432,18.434999465942383,0.1135
LYS,66,1HZ,1021,36.98899841308594,6.269000053405762,16.792999267578125,0.34
LYS,66,2HZ,1022,35.65700149536133,5.752999782562256,17.618999481201172,0.34
LYS,66,3HZ,1023,35.500999450683594,6.340000152587891,16.086000442504883,0.34
VAL,67,N,1024,30.132999420166016,10.95300006866455,20.093000411987305,-0.4157
VAL,67,CA,1025,28.698999404907227,11.204999923706055,20.009000778198242,-0.0875
VAL,67,C,1026,28.400999069213867,12.637999534606934,20.42099952697754,0.5973
VAL,67,O,1027,27.5310001373291,13.27299976348877,19.839000701904297,-0.5679
VAL,67,CB,1028,27.871000289916992,10.260000228881836,20.895999908447266,0.2985
VAL,67,CG1,1029,27.996999740600586,10.58899974822998,22.35300064086914,-0.3192
VAL,67,CG2,1030,26.44099998474121,10.347999572753906,20.444000244140625,-0.3192
VAL,67,H,1031,30.485000610351562,10.26200008392334,20.739999771118164,0.2719
VAL,67,HA,1032,28.381000518798828,11.057000160217285,18.97599983215332,0.0969
VAL,67,HB,1033,28.243000030517578,9.243000030517578,20.78700065612793,-0.0297
VAL,67,1HG1,1034,27.402999877929688,9.902999877929688,22.93400001525879,0.0791
VAL,67,2HG1,1035,28.999000549316406,10.506999969482422,22.6299991607666,0.0791
VAL,67,3HG1,1036,27.650999069213867,11.595000267028809,22.538999557495117,0.0791
VAL,67,1HG2,1037,25.833999633789062,9.699999809265137,21.04400062561035,0.0791
VAL,67,2HG2,1038,26.097999572753906,11.373000144958496,20.554000854492188,0.0791
VAL,67,3HG2,1039,26.365999221801758,10.04800033569336,19.39900016784668,0.0791
LYS,68,N,1040,29.208999633789062,13.204000473022461,21.319000244140625,-0.3479
LYS,68,CA,1041,28.97599983215332,14.581000328063965,21.72100067138672,-0.24
LYS,68,C,1042,29.273000717163086,15.496000289916992,20.542999267578125,0.7341
LYS,68,O,1043,28.540000915527344,16.450000762939453,20.288999557495117,-0.5894
LYS,68,CB,1044,29.82900047302246,14.965999603271484,22.926000595092773,-0.0094
LYS,68,CG,1045,29.386999130249023,14.335000038146973,24.243999481201172,0.0187
LYS,68,CD,1046,30.365999221801758,14.664999961853027,25.35300064086914,-0.0479
LYS,68,CE,1047,30.298999786376953,16.14299964904785,25.7189998626709,-0.0143
LYS,68,NZ,1048,31.200000762939453,16.479000091552734,26.856000900268555,-0.3854
LYS,68,H,1049,29.843000411987305,12.628999710083008,21.851999282836914,0.2747
LYS,68,HA,1050,27.930999755859375,14.689000129699707,22.017000198364258,0.1426
LYS,68,1HB,1051,30.86400032043457,14.675000190734863,22.7450008392334,0.0362
LYS,68,2HB,1052,29.809999465942383,16.048999786376953,23.051000595092773,0.0362
LYS,68,1HG,1053,28.399999618530273,14.708000183105469,24.514999389648438,0.0103
LYS,68,2HG,1054,29.326000213623047,13.256999969482422,24.132999420166016,0.0103
LYS,68,1HD,1055,30.134000778198242,14.065999984741211,26.232999801635742,0.0621
LYS,68,2HD,1056,31.378000259399414,14.42199993133545,25.024999618530273,0.0621
LYS,68,1HE,1057,30.583999633789062,16.73699951171875,24.85300064086914,0.1135
LYS,68,2HE,1058,29.273000717163086,16.393999099731445,25.993000030517578,0.1135
LYS,68,1HZ,1059,31.124000549316406,17.464000701904297,27.06599998474121,0.34
LYS,68,2HZ,1060,30.933000564575195,15.9399995803833,27.667999267578125,0.34
LYS,68,3HZ,1061,32.15299987792969,16.260000228881836,26.606000900268555,0.34
ALA,69,N,1062,30.273000717163086,15.116000175476074,19.740999221801758,-0.4157
ALA,69,CA,1063,30.65999984741211,15.918000221252441,18.589000701904297,0.0337
ALA,69,C,1064,29.50200080871582,15.904999732971191,17.599000930786133,0.5973
ALA,69,O,1065,29.051000595092773,16.954999923706055,17.141000747680664,-0.5679
ALA,69,CB,1066,31.93600082397461,15.380999565124512,17.959999084472656,-0.1825
ALA,69,H,1067,30.91699981689453,14.406999588012695,20.070999145507812,0.2719
ALA,69,HA,1068,30.84600067138672,16.944000244140625,18.906999588012695,0.0823
ALA,69,1HB,1069,32.191001892089844,15.982000350952148,17.089000701904297,0.0603
ALA,69,2HB,1070,32.74599838256836,15.430999755859375,18.687999725341797,0.0603
ALA,69,3HB,1071,31.790000915527344,14.354000091552734,17.656999588012695,0.0603
HIE,70,N,1072,28.878000259399414,14.72599983215332,17.486000061035156,-0.4157
HIE,70,CA,1073,27.7549991607666,14.491999626159668,16.589000701904297,-0.0581
HIE,70,C,1074,26.575000762939453,15.35099983215332,17.014999389648438,0.5973
HIE,70,O,1075,25.952999114990234,16.01799964904785,16.19099998474121,-0.5679
HIE,70,CB,1076,27.35300064086914,13.010000228881836,16.58300018310547,-0.0074
HIE,70,CG,1077,26.226999282836914,12.71500015258789,15.682000160217285,0.1868
HIE,70,CD2,1078,25.350000381469727,13.538000106811523,15.095000267028809,-0.2207
HIE,70,ND1,1079,25.892000198364258,11.435999870300293,15.279999732971191,-0.5432
HIE,70,CE1,1080,24.843000411987305,11.501999855041504,14.479000091552734,0.1635
HIE,70,NE2,1081,24.50200080871582,12.765999794006348,14.355999946594238,-0.2795
HIE,70,H,1082,29.36400032043457,13.90999984741211,17.834999084472656,0.2719
HIE,70,HA,1083,28.035999298095703,14.758000373840332,15.571000099182129,0.136
HIE,70,1HB,1084,28.20599937438965,12.402999877929688,16.277999877929688,0.0367
HIE,70,2HB,1085,27.07699966430664,12.694999694824219,17.572999954223633,0.0367
HIE,70,HD2,1086,25.316999435424805,14.619000434875488,15.1899995803833,0.1862
HIE,70,HE1,1087,24.347000122070312,10.657999992370605,14.003999710083008,0.1435
HIE,70,HE2,1088,23.740999221801758,13.14900016784668,13.810999870300293,0.3339
SER,71,N,1089,26.339000701904297,15.399999618530273,18.325000762939453,-0.4157
SER,71,CA,1090,25.216999053955078,16.128999710083008,18.88599967956543,-0.0249
SER,71,C,1091,25.267000198364258,17.589000701904297,18.499000549316406,0.5973
SER,71,O,1092,24.343000411987305,18.101999282836914,17.868000030517578,-0.5679
SER,71,CB,1093,25.211999893188477,15.994999885559082,20.39900016784668,0.2117
SER,71,OG,1094,24.142000198364258,16.69499969482422,20.961999893188477,-0.6546
SER,71,H,1095,26.85099983215332,14.774999618530273,18.927000045776367,0.2719
SER,71,HA,1096,24.302000045776367,15.699000358581543,18.500999450683594,0.0843
SER,71,1HB,1097,25.145000457763672,14.949000358581543,20.672000885009766,0.0352
SER,71,2HB,1098,26.139999389648438,16.3700008392334,20.801000595092773,0.0352
SER,71,HG,1099,24.20800018310547,16.562000274658203,21.910999298095703,0.4275
GLN,72,N,1100,26.44300079345703,18.183000564575195,18.67300033569336,-0.4157
GLN,72,CA,1101,26.642000198364258,19.593000411987305,18.382999420166016,-0.0031
GLN,72,C,1102,26.481000900268555,19.878000259399414,16.898000717163086,0.5973
GLN,72,O,1103,25.832000732421875,20.85300064086914,16.51799964904785,-0.5679
GLN,72,CB,1104,28.02899932861328,20.02199935913086,18.860000610351562,-0.0036
GLN,72,CG,1105,28.177000045776367,20.035999298095703,20.371000289916992,-0.0645
GLN,72,CD,1106,29.58099937438965,20.388999938964844,20.81800079345703,0.6951
GLN,72,NE2,1107,29.691999435424805,20.981000900268555,22.00200080871582,-0.9407
GLN,72,OE1,1108,30.55699920654297,20.132999420166016,20.107999801635742,-0.6086
GLN,72,H,1109,27.156999588012695,17.69099998474121,19.19700050354004,0.2719
GLN,72,HA,1110,25.892000198364258,20.16699981689453,18.924999237060547,0.085
GLN,72,1HB,1111,28.7810001373291,19.347000122070312,18.447999954223633,0.0171
GLN,72,2HB,1112,28.24799919128418,21.02199935913086,18.486000061035156,0.0171
GLN,72,1HG,1113,27.492000579833984,20.774999618530273,20.785999298095703,0.0352
GLN,72,2HG,1114,27.93600082397461,19.04400062561035,20.756000518798828,0.0352
GLN,72,1HE2,1115,30.594999313354492,21.23900032043457,22.35099983215332,0.4251
GLN,72,2HE2,1116,28.875,21.170000076293945,22.547000885009766,0.4251
THR,73,N,1117,26.930999755859375,18.93899917602539,16.069000244140625,-0.4157
THR,73,CA,1118,26.865999221801758,19.101999282836914,14.628000259399414,-0.0389
THR,73,C,1119,25.426000595092773,19.156999588012695,14.145000457763672,0.5973
THR,73,O,1120,25.041000366210938,20.106000900268555,13.467000007629395,-0.5679
THR,73,CB,1121,27.606000900268555,17.96299934387207,13.904000282287598,0.3654
THR,73,CG2,1122,27.47800064086914,18.125,12.41100025177002,-0.2438
THR,73,OG1,1123,28.992000579833984,17.982999801635742,14.269000053405762,-0.6761
THR,73,H,1124,27.466999053955078,18.167999267578125,16.44700050354004,0.2719
THR,73,HA,1125,27.34000015258789,20.04800033569336,14.366999626159668,0.1007
THR,73,HB,1126,27.180999755859375,17.009000778198242,14.199999809265137,0.0043
THR,73,HG1,1127,29.072999954223633,17.863000869750977,15.218999862670898,0.4102
THR,73,1HG2,1128,28.006000518798828,17.312999725341797,11.91100025177002,0.0642
THR,73,2HG2,1129,26.430999755859375,18.099000930786133,12.137999534606934,0.0642
THR,73,3HG2,1130,27.910999298095703,19.076000213623047,12.109999656677246,0.0642
ASP,74,N,1131,24.58799934387207,18.253999710083008,14.654999732971191,-0.5163
ASP,74,CA,1132,23.197999954223633,18.209999084472656,14.222999572753906,0.0381
ASP,74,C,1133,22.39900016784668,19.395999908447266,14.715999603271484,0.5366
ASP,74,O,1134,21.50200080871582,19.86400032043457,14.017000198364258,-0.5819
ASP,74,CB,1135,22.5,16.961999893188477,14.675999641418457,-0.0303
ASP,74,CG,1136,22.920000076293945,15.829999923706055,13.878000259399414,0.7994
ASP,74,OD1,1137,23.465999603271484,16.041000366210938,12.805000305175781,-0.8014
ASP,74,OD2,1138,22.711000442504883,14.736000061035156,14.307000160217285,-0.8014
ASP,74,H,1139,24.9689998626709,17.48200035095215,15.1850004196167,0.2936
ASP,74,HA,1140,23.18400001525879,18.231000900268555,13.142999649047852,0.088
ASP,74,1HB,1141,22.72100067138672,16.775999069213867,15.729000091552734,-0.0122
ASP,74,2HB,1142,21.43199920654297,17.104999542236328,14.588000297546387,-0.0122
ARG,75,N,1143,22.784000396728516,19.96299934387207,15.855999946594238,-0.3479
ARG,75,CA,1144,22.024999618530273,21.094999313354492,16.354999542236328,-0.2637
ARG,75,C,1145,22.207000732421875,22.246999740600586,15.369000434875488,0.7341
ARG,75,O,1146,21.243999481201172,22.917999267578125,14.993000030517578,-0.5894
ARG,75,CB,1147,22.493999481201172,21.506999969482422,17.740999221801758,-0.0007
ARG,75,CG,1148,22.131999969482422,20.542999267578125,18.85300064086914,0.039
ARG,75,CD,1149,22.7189998626709,20.959999084472656,20.14900016784668,0.0486
ARG,75,NE,1150,22.166000366210938,22.2189998626709,20.62700080871582,-0.5295
ARG,75,CZ,1151,22.695999145507812,22.951000213623047,21.631000518798828,0.8076
ARG,75,NH1,1152,23.783000946044922,22.534000396728516,22.243000030517578,-0.8627
ARG,75,NH2,1153,22.128000259399414,24.084999084472656,22.00200080871582,-0.8627
ARG,75,H,1154,23.44099998474121,19.486000061035156,16.461999893188477,0.2747
ARG,75,HA,1155,20.974000930786133,20.816999435424805,16.429000854492188,0.156
ARG,75,1HB,1156,23.577999114990234,21.61400032043457,17.739999771118164,0.0327
ARG,75,2HB,1157,22.06800079345703,22.476999282836914,17.9950008392334,0.0327
ARG,75,1HG,1158,21.052000045776367,20.506000518798828,18.961999893188477,0.0285
ARG,75,2HG,1159,22.503999710083008,19.55500030517578,18.614999771118164,0.0285
ARG,75,1HD,1160,22.517000198364258,20.194000244140625,20.89900016784668,0.0687
ARG,75,2HD,1161,23.795000076293945,21.083999633789062,20.03499984741211,0.0687
ARG,75,HE,1162,21.32900047302246,22.569000244140625,20.179000854492188,0.3456
ARG,75,1HH1,1163,24.2189998626709,21.667999267578125,21.961000442504883,0.4478
ARG,75,2HH1,1164,24.18199920654297,23.079999923706055,22.993000030517578,0.4478
ARG,75,1HH2,1165,21.29199981689453,24.408000946044922,21.534000396728516,0.4478
ARG,75,2HH2,1166,22.527999877929688,24.628000259399414,22.75200080871582,0.4478
GLU,76,N,1167,23.41900062561035,22.332000732421875,14.805999755859375,-0.5163
GLU,76,CA,1168,23.731000900268555,23.378000259399414,13.847000122070312,0.0397
GLU,76,C,1169,22.999000549316406,23.093000411987305,12.54800033569336,0.5366
GLU,76,O,1170,22.44499969482422,24.003999710083008,11.940999984741211,-0.5819
GLU,76,CB,1171,25.238000869750977,23.469999313354492,13.593999862670898,0.056
GLU,76,CG,1172,26.051000595092773,23.95400047302246,14.78499984741211,0.0136
GLU,76,CD,1173,25.695999145507812,25.347000122070312,15.21500015258789,0.8054
GLU,76,OE1,1174,25.66900062561035,26.218000411987305,14.378999710083008,-0.8188
GLU,76,OE2,1175,25.450000762939453,25.541000366210938,16.381999969482422,-0.8188
GLU,76,H,1176,24.183000564575195,21.812000274658203,15.222999572753906,0.2936
GLU,76,HA,1177,23.405000686645508,24.33799934387207,14.251999855041504,0.1105
GLU,76,1HB,1178,25.621000289916992,22.499000549316406,13.3100004196167,-0.0173
GLU,76,2HB,1179,25.426000595092773,24.150999069213867,12.763999938964844,-0.0173
GLU,76,1HG,1180,25.88800048828125,23.277999877929688,15.619000434875488,-0.0425
GLU,76,2HG,1181,27.107999801635742,23.91900062561035,14.526000022888184,-0.0425
ASN,77,N,1182,22.820999145507812,21.801000595092773,12.25,-0.4157
ASN,77,CA,1183,22.18199920654297,21.3799991607666,11.010000228881836,0.0143
ASN,77,C,1184,20.711000442504883,21.773000717163086,11.03600025177002,0.5973
ASN,77,O,1185,20.166000366210938,22.17300033569336,10.010000228881836,-0.5679
ASN,77,CB,1186,22.34000015258789,19.892000198364258,10.784000396728516,-0.2041
ASN,77,CG,1187,23.733999252319336,19.506999969482422,10.357000350952148,0.713
ASN,77,ND2,1188,24.16699981689453,18.301000595092773,10.670000076293945,-0.9191
ASN,77,OD1,1189,24.427000045776367,20.31800079345703,9.734999656677246,-0.5931
ASN,77,H,1190,23.399999618530273,21.125999450683594,12.732999801635742,0.2719
ASN,77,HA,1191,22.636999130249023,21.908000946044922,10.178999900817871,0.1048
ASN,77,1HB,1192,22.10099983215332,19.3700008392334,11.678000450134277,0.0797
ASN,77,2HB,1193,21.636999130249023,19.569000244140625,10.019000053405762,0.0797
ASN,77,1HD2,1194,25.089000701904297,18.024999618530273,10.397000312805176,0.4196
ASN,77,2HD2,1195,23.590999603271484,17.643999099731445,11.180000305175781,0.4196
LEU,78,N,1196,20.121000289916992,21.834999084472656,12.23900032043457,-0.4157
LEU,78,CA,1197,18.715999603271484,22.208999633789062,12.321999549865723,-0.0518
LEU,78,C,1198,18.569000244140625,23.652999877929688,11.876999855041504,0.5973
LEU,78,O,1199,17.648000717163086,23.986000061035156,11.133999824523926,-0.5679
LEU,78,CB,1200,18.15999984741211,22.041000366210938,13.753999710083008,-0.1102
LEU,78,CG,1201,17.96500015258789,20.60700035095215,14.293999671936035,0.3531
LEU,78,CD1,1202,17.611000061035156,20.680999755859375,15.789999961853027,-0.4121
LEU,78,CD2,1203,16.864999771118164,19.916000366210938,13.489999771118164,-0.4121
LEU,78,H,1204,20.55900001525879,21.36400032043457,13.019000053405762,0.2719
LEU,78,HA,1205,18.138999938964844,21.54599952697754,11.678000450134277,0.0922
LEU,78,1HB,1206,18.82900047302246,22.54199981689453,14.442000389099121,0.0457
LEU,78,2HB,1207,17.184999465942383,22.527000427246094,13.803000450134277,0.0457
LEU,78,HG,1208,18.89299964904785,20.045000076293945,14.197999954223633,-0.0361
LEU,78,1HD1,1209,17.47100067138672,19.68000030517578,16.184999465942383,0.1
LEU,78,2HD1,1210,18.420000076293945,21.17099952697754,16.33300018310547,0.1
LEU,78,3HD1,1211,16.694000244140625,21.24799919128418,15.920000076293945,0.1
LEU,78,1HD2,1212,16.722999572753906,18.902999877929688,13.864999771118164,0.1
LEU,78,2HD2,1213,15.930999755859375,20.474000930786133,13.588000297546387,0.1
LEU,78,3HD2,1214,17.1560001373291,19.878999710083008,12.442999839782715,0.1
ARG,79,N,1215,19.524999618530273,24.493000030517578,12.295000076293945,-0.3479
ARG,79,CA,1216,19.493000030517578,25.915000915527344,11.96500015258789,-0.2637
ARG,79,C,1217,19.74799919128418,26.125,10.484000205993652,0.7341
ARG,79,O,1218,19.04599952697754,26.895000457763672,9.833999633789062,-0.5894
ARG,79,CB,1219,20.530000686645508,26.684999465942383,12.76200008392334,-0.0007
ARG,79,CG,1220,20.226999282836914,26.798999786376953,14.23799991607666,0.039
ARG,79,CD,1221,21.29599952697754,27.52199935913086,14.961000442504883,0.0486
ARG,79,NE,1222,21.00200080871582,27.639999389648438,16.378999710083008,-0.5295
ARG,79,CZ,1223,21.847000122070312,28.149999618530273,17.295000076293945,0.8076
ARG,79,NH1,1224,23.031999588012695,28.584999084472656,16.92799949645996,-0.8627
ARG,79,NH2,1225,21.485000610351562,28.21500015258789,18.565000534057617,-0.8627
ARG,79,H,1226,20.236000061035156,24.142000198364258,12.932000160217285,0.2747
ARG,79,HA,1227,18.507999420166016,26.308000564575195,12.211999893188477,0.156
ARG,79,1HB,1228,21.496999740600586,26.20800018310547,12.65999984741211,0.0327
ARG,79,2HB,1229,20.6200008392334,27.69499969482422,12.361000061035156,0.0327
ARG,79,1HG,1230,19.290000915527344,27.34000015258789,14.37600040435791,0.0285
ARG,79,2HG,1231,20.136999130249023,25.797000885009766,14.666999816894531,0.0285
ARG,79,1HD,1232,22.23900032043457,26.985000610351562,14.850000381469727,0.0687
ARG,79,2HD,1233,21.39900016784668,28.525999069213867,14.548999786376953,0.0687
ARG,79,HE,1234,20.100000381469727,27.31800079345703,16.701000213623047,0.3456
ARG,79,1HH1,1235,23.30900001525879,28.535999298095703,15.956999778747559,0.4478
ARG,79,2HH1,1236,23.665000915527344,28.965999603271484,17.614999771118164,0.4478
ARG,79,1HH2,1237,20.573999404907227,27.8799991607666,18.847999572753906,0.4478
ARG,79,2HH2,1238,22.118999481201172,28.59600067138672,19.250999450683594,0.4478
ILE,80,N,1239,20.60099983215332,25.27899932861328,9.920999526977539,-0.4157
ILE,80,CA,1240,20.965999603271484,25.402999877929688,8.520999908447266,-0.0597
ILE,80,C,1241,19.759000778198242,25.07900047302246,7.6620001792907715,0.5973
ILE,80,O,1242,19.430999755859375,25.81800079345703,6.736000061035156,-0.5679
ILE,80,CB,1243,22.128999710083008,24.4689998626709,8.164999961853027,0.1303
ILE,80,CG1,1244,23.405000686645508,24.96500015258789,8.868000030517578,-0.043
ILE,80,CG2,1245,22.298999786376953,24.41699981689453,6.682000160217285,-0.3204
ILE,80,CD1,1246,24.56100082397461,23.990999221801758,8.819999694824219,-0.066
ILE,80,H,1247,21.222999572753906,24.763999938964844,10.527999877929688,0.2719
ILE,80,HA,1248,21.292999267578125,26.42300033569336,8.329999923706055,0.0869
ILE,80,HB,1249,21.922000885009766,23.472000122070312,8.53600025177002,0.0187
ILE,80,1HG1,1250,23.719999313354492,25.89699935913086,8.399999618530273,0.0236
ILE,80,2HG1,1251,23.174999237060547,25.170000076293945,9.906000137329102,0.0236
ILE,80,1HG2,1252,23.125999450683594,23.753999710083008,6.431000232696533,0.0882
ILE,80,2HG2,1253,21.382999420166016,24.04400062561035,6.234000205993652,0.0882
ILE,80,3HG2,1254,22.51099967956543,25.417999267578125,6.304999828338623,0.0882
ILE,80,1HD1,1255,25.417999267578125,24.417999267578125,9.33899974822998,0.0186
ILE,80,2HD1,1256,24.281999588012695,23.06599998474121,9.300000190734863,0.0186
ILE,80,3HD1,1257,24.826000213623047,23.79199981689453,7.783999919891357,0.0186
ALA,81,N,1258,19.017000198364258,24.05299949645996,8.069000244140625,-0.4157
ALA,81,CA,1259,17.832000732421875,23.642000198364258,7.340000152587891,0.0337
ALA,81,C,1260,16.827999114990234,24.784000396728516,7.317999839782715,0.5973
ALA,81,O,1261,16.281999588012695,25.104000091552734,6.264999866485596,-0.5679
ALA,81,CB,1262,17.222999572753906,22.4060001373291,7.9710001945495605,-0.1825
ALA,81,H,1263,19.381000518798828,23.444000244140625,8.78499984741211,0.2719
ALA,81,HA,1264,18.10300064086914,23.400999069213867,6.311999797821045,0.0823
ALA,81,1HB,1265,16.320999145507812,22.135000228881836,7.427999973297119,0.0603
ALA,81,2HB,1266,17.93600082397461,21.58300018310547,7.927999973297119,0.0603
ALA,81,3HB,1267,16.972999572753906,22.613000869750977,9.008999824523926,0.0603
LEU,82,N,1268,16.731000900268555,25.523000717163086,8.430999755859375,-0.4157
LEU,82,CA,1269,15.777000427246094,26.624000549316406,8.515000343322754,-0.0518
LEU,82,C,1270,16.160999298095703,27.7189998626709,7.5269999504089355,0.5973
LEU,82,O,1271,15.303999900817871,28.333999633789062,6.896999835968018,-0.5679
LEU,82,CB,1272,15.722999572753906,27.200000762939453,9.9399995803833,-0.1102
LEU,82,CG,1273,15.189000129699707,26.277999877929688,11.052000045776367,0.3531
LEU,82,CD1,1274,15.331000328063965,26.98200035095215,12.371000289916992,-0.4121
LEU,82,CD2,1275,13.777000427246094,25.913999557495117,10.798999786376953,-0.4121
LEU,82,H,1276,17.187999725341797,25.201000213623047,9.276000022888184,0.2719
LEU,82,HA,1277,14.788000106811523,26.25,8.253000259399414,0.0922
LEU,82,1HB,1278,16.718000411987305,27.49799919128418,10.232000350952148,0.0457
LEU,82,2HB,1279,15.092000007629395,28.082000732421875,9.928999900817871,0.0457
LEU,82,HG,1280,15.769000053405762,25.385000228881836,11.092000007629395,-0.0361
LEU,82,1HD1,1281,14.956999778747559,26.340999603271484,13.168999671936035,0.1
LEU,82,2HD1,1282,16.378999710083008,27.20800018310547,12.552000045776367,0.1
LEU,82,3HD1,1283,14.755000114440918,27.905000686645508,12.342000007629395,0.1
LEU,82,1HD2,1284,13.428999900817871,25.26799964904785,11.593000411987305,0.1
LEU,82,2HD2,1285,13.170999526977539,26.816999435424805,10.770000457763672,0.1
LEU,82,3HD2,1286,13.708999633789062,25.398000717163086,9.847999572753906,0.1
ARG,83,N,1287,17.4689998626709,27.874000549316406,7.300000190734863,-0.3479
ARG,83,CA,1288,17.96500015258789,28.91699981689453,6.409999847412109,-0.2637
ARG,83,C,1289,17.663999557495117,28.570999145507812,4.953999996185303,0.7341
ARG,83,O,1290,17.315000534057617,29.44700050354004,4.160999774932861,-0.5894
ARG,83,CB,1291,19.46500015258789,29.104000091552734,6.5879998207092285,-0.0007
ARG,83,CG,1292,19.87299919128418,29.698999404907227,7.923999786376953,0.039
ARG,83,CD,1293,21.347000122070312,29.777000427246094,8.069000244140625,0.0486
ARG,83,NE,1294,21.732999801635742,30.327999114990234,9.359999656677246,-0.5295
ARG,83,CZ,1295,23.0,30.402999877929688,9.814000129699707,0.8076
ARG,83,NH1,1296,23.990999221801758,29.958999633789062,9.071999549865723,-0.8627
ARG,83,NH2,1297,23.246999740600586,30.922000885009766,11.003999710083008,-0.8627
ARG,83,H,1298,18.12299919128418,27.39699935913086,7.9079999923706055,0.2747
ARG,83,HA,1299,17.47800064086914,29.85700035095215,6.670000076293945,0.156
ARG,83,1HB,1300,19.972999572753906,28.156999588012695,6.488999843597412,0.0327
ARG,83,2HB,1301,19.844999313354492,29.756000518798828,5.802999973297119,0.0327
ARG,83,1HG,1302,19.468000411987305,30.70599937438965,8.01200008392334,0.0285
ARG,83,2HG,1303,19.486000061035156,29.08300018310547,8.727999687194824,0.0285
ARG,83,1HD,1304,21.775999069213867,28.780000686645508,7.980999946594238,0.0687
ARG,83,2HD,1305,21.756000518798828,30.41699981689453,7.289000034332275,0.0687
ARG,83,HE,1306,20.999000549316406,30.68000030517578,9.960000038146973,0.3456
ARG,83,1HH1,1307,23.804000854492188,29.562000274658203,8.161999702453613,0.4478
ARG,83,2HH1,1308,24.940000534057617,30.014999389648438,9.413000106811523,0.4478
ARG,83,1HH2,1309,22.485000610351562,31.26300048828125,11.574000358581543,0.4478
ARG,83,2HH2,1310,24.19499969482422,30.97800064086914,11.343999862670898,0.4478
TYR,84,N,1311,17.70400047302246,27.275999069213867,4.631999969482422,-0.4157
TYR,84,CA,1312,17.490999221801758,26.826000213623047,3.259999990463257,-0.0014
TYR,84,C,1313,16.02199935913086,26.893999099731445,2.881999969482422,0.5973
TYR,84,O,1314,15.670999526977539,27.3700008392334,1.8040000200271606,-0.5679
TYR,84,CB,1315,18.011999130249023,25.409000396728516,3.0309998989105225,-0.0152
TYR,84,CG,1316,19.503999710083008,25.256000518798828,3.1059999465942383,-0.0011
TYR,84,CD1,1317,20.04400062561035,24.0049991607666,3.322000026702881,-0.1906
TYR,84,CD2,1318,20.334999084472656,26.354000091552734,2.9600000381469727,-0.1906
TYR,84,CE1,1319,21.39900016784668,23.840999603271484,3.3929998874664307,-0.2341
TYR,84,CE2,1320,21.70599937438965,26.18899917602539,3.0320000648498535,-0.2341
TYR,84,CZ,1321,22.23699951171875,24.930999755859375,3.249000072479248,0.3226
TYR,84,OH,1322,23.604000091552734,24.7450008392334,3.3239998817443848,-0.5579
TYR,84,H,1323,18.077999114990234,26.625999450683594,5.311999797821045,0.2719
TYR,84,HA,1324,18.020999908447266,27.503000259399414,2.5889999866485596,0.0876
TYR,84,1HB,1325,17.572999954223633,24.740999221801758,3.7760000228881836,0.0295
TYR,84,2HB,1326,17.691999435424805,25.076000213623047,2.052000045776367,0.0295
TYR,84,HD1,1327,19.395000457763672,23.145000457763672,3.436000108718872,0.1699
TYR,84,HD2,1328,19.910999298095703,27.341999053955078,2.7899999618530273,0.1699
TYR,84,HE1,1329,21.815000534057617,22.854000091552734,3.563999891281128,0.1656
TYR,84,HE2,1330,22.367000579833984,27.04800033569336,2.9179999828338623,0.1656
TYR,84,HH,1331,23.791000366210938,23.81599998474121,3.4769999980926514,0.3992
TYR,85,N,1332,15.170000076293945,26.573999404907227,3.8450000286102295,-0.4157
TYR,85,CA,1333,13.741000175476074,26.472999572753906,3.6029999256134033,-0.0014
TYR,85,C,1334,12.998000144958496,27.773000717163086,3.9000000953674316,0.5973
TYR,85,O,1335,11.9350004196167,28.0049991607666,3.3269999027252197,-0.5679
TYR,85,CB,1336,13.12399959564209,25.340999603271484,4.416999816894531,-0.0152
TYR,85,CG,1337,13.494999885559082,23.93400001525879,4.000999927520752,-0.0011
TYR,85,CD1,1338,14.241000175476074,23.117000579833984,4.8379998207092285,-0.1906
TYR,85,CD2,1339,13.07800006866455,23.46299934387207,2.7660000324249268,-0.1906
TYR,85,CE1,1340,14.5649995803833,21.83799934387207,4.436999797821045,-0.2341
TYR,85,CE2,1341,13.404000282287598,22.183000564575195,2.368000030517578,-0.2341
TYR,85,CZ,1342,14.144000053405762,21.375,3.197999954223633,0.3226
TYR,85,OH,1343,14.467000007629395,20.100000381469727,2.7980000972747803,-0.5579
TYR,85,H,1344,15.538999557495117,26.094999313354492,4.65500020980835,0.2719
TYR,85,HA,1345,13.58899974822998,26.274999618530273,2.5420000553131104,0.0876
TYR,85,1HB,1346,13.418999671936035,25.45599937438965,5.460999965667725,0.0295
TYR,85,2HB,1347,12.039999961853027,25.413000106811523,4.364999771118164,0.0295
TYR,85,HD1,1348,14.569000244140625,23.479999542236328,5.803999900817871,0.1699
TYR,85,HD2,1349,12.493000030517578,24.104000091552734,2.1080000400543213,0.1699
TYR,85,HE1,1350,15.149999618530273,21.194000244140625,5.091000080108643,0.1656
TYR,85,HE2,1351,13.07699966430664,21.815000534057617,1.3960000276565552,0.1656
TYR,85,HH,1352,14.098999977111816,19.93000030517578,1.9249999523162842,0.3992
ASN,86,N,1353,13.699000358581543,28.71299934387207,4.534999847412109,-0.4157
ASN,86,CA,1354,13.093999862670898,29.961000442504883,5.00600004196167,0.0143
ASN,86,C,1355,12.006999969482422,29.68199920654297,6.035999774932861,0.5973
ASN,86,O,1356,10.880000114440918,30.163000106811523,5.914999961853027,-0.5679
ASN,86,CB,1357,12.515000343322754,30.780000686645508,3.8610000610351562,-0.2041
ASN,86,CG,1358,12.272000312805176,32.21699905395508,4.242000102996826,0.713
ASN,86,ND2,1359,11.256999969482422,32.81100082397461,3.6659998893737793,-0.9191
ASN,86,OD1,1360,13.005000114440918,32.79100036621094,5.057000160217285,-0.5931
ASN,86,H,1361,14.48799991607666,28.399999618530273,5.079999923706055,0.2719
ASN,86,HA,1362,13.869999885559082,30.56399917602539,5.4770002365112305,0.1048
ASN,86,1HB,1363,13.199999809265137,30.75200080871582,3.013000011444092,0.0797
ASN,86,2HB,1364,11.57699966430664,30.354000091552734,3.5269999504089355,0.0797
ASN,86,1HD2,1365,11.04800033569336,33.76499938964844,3.88100004196167,0.4196
ASN,86,2HD2,1366,10.6899995803833,32.310001373291016,3.013000011444092,0.4196
GLN,87,N,1367,12.35099983215332,28.86400032043457,7.021999835968018,-0.4157
GLN,87,CA,1368,11.456000328063965,28.527000427246094,8.116999626159668,-0.0031
GLN,87,C,1369,11.822999954223633,29.27400016784668,9.388999938964844,0.5973
GLN,87,O,1370,12.996999740600586,29.511999130249023,9.668000221252441,-0.5679
GLN,87,CB,1371,11.487000465393066,27.025999069213867,8.354000091552734,-0.0036
GLN,87,CG,1372,10.956000328063965,26.195999145507812,7.236000061035156,-0.0645
GLN,87,CD,1373,11.1850004196167,24.724000930786133,7.504000186920166,0.6951
GLN,87,NE2,1374,10.142000198364258,23.913000106811523,7.376999855041504,-0.9407
GLN,87,OE1,1375,12.307999610900879,24.332000732421875,7.824999809265137,-0.6086
GLN,87,H,1376,13.317999839782715,28.57699966430664,7.081999778747559,0.2719
GLN,87,HA,1377,10.446000099182129,28.834999084472656,7.849999904632568,0.085
GLN,87,1HB,1378,12.494999885559082,26.731000900268555,8.532999992370605,0.0171
GLN,87,2HB,1379,10.904000282287598,26.78499984741211,9.244999885559082,0.0171
GLN,87,1HG,1380,9.887999534606934,26.374000549316406,7.131999969482422,0.0352
GLN,87,2HG,1381,11.468999862670898,26.479000091552734,6.333000183105469,0.0352
GLN,87,1HE2,1382,10.246999740600586,22.933000564575195,7.545000076293945,0.4251
GLN,87,2HE2,1383,9.25,24.283000946044922,7.113999843597412,0.4251
SER,88,N,1384,10.807000160217285,29.618000030517578,10.168999671936035,-0.4157
SER,88,CA,1385,10.98900032043457,30.292999267578125,11.444999694824219,-0.0249
SER,88,C,1386,11.491000175476074,29.3700008392334,12.541000366210938,0.5973
SER,88,O,1387,10.96500015258789,28.273000717163086,12.734999656677246,-0.5679
SER,88,CB,1388,9.701000213623047,30.941999435424805,11.902000427246094,0.2117
SER,88,OG,1389,9.86400032043457,31.52899932861328,13.168000221252441,-0.6546
SER,88,H,1390,9.868000030517578,29.393999099731445,9.871000289916992,0.2719
SER,88,HA,1391,11.741999626159668,31.06999969482422,11.312000274658203,0.0843
SER,88,1HB,1392,9.39799976348877,31.697999954223633,11.180000305175781,0.0352
SER,88,2HB,1393,8.90999984741211,30.194000244140625,11.942000389099121,0.0352
SER,88,HG,1394,10.562000274658203,32.180999755859375,13.069000244140625,0.4275
GLU,89,N,1395,12.368000030517578,29.916000366210938,13.378999710083008,-0.5163
GLU,89,CA,1396,12.902999877929688,29.219999313354492,14.545999526977539,0.0397
GLU,89,C,1397,11.815999984741211,28.944000244140625,15.57800006866455,0.5366
GLU,89,O,1398,11.970999717712402,28.077999114990234,16.437999725341797,-0.5819
GLU,89,CB,1399,14.02400016784668,30.04599952697754,15.1850004196167,0.056
GLU,89,CG,1400,15.288999557495117,30.176000595092773,14.345999717712402,0.0136
GLU,89,CD,1401,16.347999572753906,31.018999099731445,15.003999710083008,0.8054
GLU,89,OE1,1402,16.089000701904297,31.552000045776367,16.05699920654297,-0.8188
GLU,89,OE2,1403,17.41900062561035,31.128000259399414,14.45300006866455,-0.8188
GLU,89,H,1404,12.753999710083008,30.81999969482422,13.145999908447266,0.2936
GLU,89,HA,1405,13.317000389099121,28.266000747680664,14.222000122070312,0.1105
GLU,89,1HB,1406,13.65999984741211,31.05299949645996,15.390999794006348,-0.0173
GLU,89,2HB,1407,14.307000160217285,29.597000122070312,16.136999130249023,-0.0173
GLU,89,1HG,1408,15.692999839782715,29.18899917602539,14.163000106811523,-0.0425
GLU,89,2HG,1409,15.027999877929688,30.615999221801758,13.383999824523926,-0.0425
ALA,90,N,1410,10.717000007629395,29.695999145507812,15.48799991607666,-0.4157
ALA,90,CA,1411,9.588000297546387,29.59000015258789,16.399999618530273,0.0337
ALA,90,C,1412,8.998000144958496,28.183000564575195,16.420000076293945,0.5973
ALA,90,O,1413,8.437000274658203,27.766000747680664,17.430999755859375,-0.5679
ALA,90,CB,1414,8.520000457763672,30.60099983215332,16.020999908447266,-0.1825
ALA,90,H,1415,10.65999984741211,30.395000457763672,14.756999969482422,0.2719
ALA,90,HA,1416,9.937000274658203,29.80500030517578,17.40999984741211,0.0823
ALA,90,1HB,1417,7.681000232696533,30.518999099731445,16.709999084472656,0.0603
ALA,90,2HB,1418,8.937999725341797,31.606000900268555,16.075000762939453,0.0603
ALA,90,3HB,1419,8.178999900817871,30.402999877929688,15.005999565124512,0.0603
GLY,91,N,1420,9.097999572753906,27.45800018310547,15.303999900817871,-0.4157
GLY,91,CA,1421,8.517999649047852,26.121999740600586,15.232999801635742,-0.0252
GLY,91,C,1422,9.527999877929688,25.04599952697754,15.595000267028809,0.5973
GLY,91,O,1423,10.736000061035156,25.277999877929688,15.555000305175781,-0.5679
GLY,91,H,1424,9.557999610900879,27.8439998626709,14.48799991607666,0.2719
GLY,91,1HA,1425,7.664999961853027,26.059999465942383,15.907999992370605,0.0698
GLY,91,2HA,1426,8.144000053405762,25.94499969482422,14.225000381469727,0.0698
SER,92,N,1427,9.026000022888184,23.854999542236328,15.918999671936035,-0.4157
SER,92,CA,1428,9.890999794006348,22.716999053955078,16.208999633789062,-0.0249
SER,92,C,1429,10.095000267028809,21.916000366210938,14.928000450134277,0.5973
SER,92,O,1430,9.152999877929688,21.726999282836914,14.157999992370605,-0.5679
SER,92,CB,1431,9.288000106811523,21.849000930786133,17.292999267578125,0.2117
SER,92,OG,1432,10.07800006866455,20.711000442504883,17.53499984741211,-0.6546
SER,92,H,1433,8.024999618530273,23.731000900268555,15.937999725341797,0.2719
SER,92,HA,1434,10.854000091552734,23.08799934387207,16.55699920654297,0.0843
SER,92,1HB,1435,9.194999694824219,22.427000045776367,18.209999084472656,0.0352
SER,92,2HB,1436,8.286999702453613,21.54199981689453,16.9950008392334,0.0352
SER,92,HG,1437,10.918000221252441,21.033000946044922,17.878999710083008,0.4275
HID,93,N,1438,11.312000274658203,21.430999755859375,14.711000442504883,-0.4157
HID,93,CA,1439,11.630000114440918,20.628000259399414,13.532999992370605,0.0188
HID,93,C,1440,12.463000297546387,19.41200065612793,13.913999557495117,0.5973
HID,93,O,1441,13.234999656677246,19.450000762939453,14.871999740600586,-0.5679
HID,93,CB,1442,12.37600040435791,21.472000122070312,12.494999885559082,-0.0462
HID,93,CG,1443,11.550000190734863,22.625999450683594,11.972999572753906,-0.0266
HID,93,CD2,1444,10.854000091552734,22.777000427246094,10.824000358581543,0.1292
HID,93,ND1,1445,11.378999710083008,23.801000595092773,12.678000450134277,-0.3811
HID,93,CE1,1446,10.614999771118164,24.62299919128418,11.979000091552734,0.2057
HID,93,NE2,1447,10.282999992370605,24.024999618530273,10.852999687194824,-0.5727
HID,93,H,1448,12.038000106811523,21.601999282836914,15.390999794006348,0.2719
HID,93,HA,1449,10.710000038146973,20.266000747680664,13.076000213623047,0.0881
HID,93,1HB,1450,13.291999816894531,21.868999481201172,12.937000274658203,0.0402
HID,93,2HB,1451,12.664999961853027,20.840999603271484,11.657999992370605,0.0402
HID,93,HD1,1452,11.824999809265137,24.045000076293945,13.539999961853027,0.3649
HID,93,HD2,1453,10.694999694824219,22.121999740600586,9.96500015258789,0.1147
HID,93,HE1,1454,10.362000465393066,25.611000061035156,12.366999626159668,0.1392
THR,94,N,1455,12.402999877929688,18.364999771118164,13.088000297546387,-0.4157
THR,94,CA,1456,13.182000160217285,17.16900062561035,13.378999710083008,-0.0389
THR,94,C,1457,14.173999786376953,16.763999938964844,12.282999992370605,0.5973
THR,94,O,1458,13.831999778747559,16.652999877929688,11.109999656677246,-0.5679
THR,94,CB,1459,12.23900032043457,15.982999801635742,13.66100025177002,0.3654
THR,94,CG2,1460,13.031999588012695,14.73799991607666,13.970000267028809,-0.2438
THR,94,OG1,1461,11.392000198364258,16.29599952697754,14.774999618530273,-0.6761
THR,94,H,1462,11.803000450134277,18.391000747680664,12.274999618530273,0.2719
THR,94,HA,1463,13.781000137329102,17.374000549316406,14.255000114440918,0.1007
THR,94,HB,1464,11.61400032043457,15.803999900817871,12.784000396728516,0.0043
THR,94,HG1,1465,10.873000144958496,17.07699966430664,14.571999549865723,0.4102
THR,94,1HG2,1466,12.352999687194824,13.90999984741211,14.164999961853027,0.0642
THR,94,2HG2,1467,13.657999992370605,14.494000434875488,13.133999824523926,0.0642
THR,94,3HG2,1468,13.651000022888184,14.916000366210938,14.848999977111816,0.0642
LEU,95,N,1469,15.383999824523926,16.416000366210938,12.704000473022461,-0.4157
LEU,95,CA,1470,16.42799949645996,15.944999694824219,11.802000045776367,-0.0518
LEU,95,C,1471,16.851999282836914,14.534000396728516,12.194999694824219,0.5973
LEU,95,O,1472,17.110000610351562,14.246000289916992,13.359000205993652,-0.5679
LEU,95,CB,1473,17.635000228881836,16.881999969482422,11.835000038146973,-0.1102
LEU,95,CG,1474,18.86199951171875,16.476999282836914,11.022000312805176,0.3531
LEU,95,CD1,1475,18.523000717163086,16.475000381469727,9.538000106811523,-0.4121
LEU,95,CD2,1476,19.982999801635742,17.44700050354004,11.333000183105469,-0.4121
LEU,95,H,1477,15.616999626159668,16.572999954223633,13.675000190734863,0.2719
LEU,95,HA,1478,16.031999588012695,15.92300033569336,10.789999961853027,0.0922
LEU,95,1HB,1479,17.31999969482422,17.85099983215332,11.472999572753906,0.0457
LEU,95,2HB,1480,17.95599937438965,16.98900032043457,12.84000015258789,0.0457
LEU,95,HG,1481,19.16699981689453,15.46399974822998,11.288000106811523,-0.0361
LEU,95,1HD1,1482,19.395000457763672,16.187000274658203,8.965999603271484,0.1
LEU,95,2HD1,1483,17.729000091552734,15.774999618530273,9.355999946594238,0.1
LEU,95,3HD1,1484,18.204999923706055,17.472000122070312,9.234999656677246,0.1
LEU,95,1HD2,1485,20.871000289916992,17.174999237060547,10.76099967956543,0.1
LEU,95,2HD2,1486,19.672000885009766,18.457000732421875,11.062000274658203,0.1
LEU,95,3HD2,1487,20.214000701904297,17.41200065612793,12.39900016784668,0.1
GLN,96,N,1488,16.731000900268555,13.595000267028809,11.270000457763672,-0.4157
GLN,96,CA,1489,17.01300048828125,12.208999633789062,11.598999977111816,-0.0031
GLN,96,C,1490,18.180999755859375,11.717000007629395,10.770999908447266,0.5973
GLN,96,O,1491,18.226999282836914,11.916000366210938,9.562000274658203,-0.5679
GLN,96,CB,1492,15.788000106811523,11.336000442504883,11.362000465393066,-0.0036
GLN,96,CG,1493,14.621000289916992,11.692999839782715,12.23799991607666,-0.0645
GLN,96,CD,1494,13.411999702453613,10.833000183105469,11.982999801635742,0.6951
GLN,96,NE2,1495,12.369000434875488,11.029000282287598,12.781000137329102,-0.9407
GLN,96,OE1,1496,13.407999992370605,9.996000289916992,11.076000213623047,-0.6086
GLN,96,H,1497,16.393999099731445,13.833999633789062,10.350000381469727,0.2719
GLN,96,HA,1498,17.28700065612793,12.149999618530273,12.642000198364258,0.085
GLN,96,1HB,1499,15.479000091552734,11.418000221252441,10.343999862670898,0.0171
GLN,96,2HB,1500,16.04599952697754,10.300000190734863,11.541000366210938,0.0171
GLN,96,1HG,1501,14.913999557495117,11.5649995803833,13.281999588012695,0.0352
GLN,96,2HG,1502,14.355999946594238,12.720999717712402,12.043999671936035,0.0352
GLN,96,1HE2,1503,11.536999702453613,10.48799991607666,12.66100025177002,0.4251
GLN,96,2HE2,1504,12.416000366210938,11.718999862670898,13.505000114440918,0.4251
ILE,97,N,1505,19.156999588012695,11.092000007629395,11.42300033569336,-0.4157
ILE,97,CA,1506,20.329999923706055,10.668000221252441,10.680000305175781,-0.0597
ILE,97,C,1507,20.695999145507812,9.211000442504883,10.923999786376953,0.5973
ILE,97,O,1508,20.66200065612793,8.722000122070312,12.050999641418457,-0.5679
ILE,97,CB,1509,21.538000106811523,11.538000106811523,11.017000198364258,0.1303
ILE,97,CG1,1510,21.218000411987305,12.958999633789062,10.755000114440918,-0.043
ILE,97,CG2,1511,22.757999420166016,11.104999542236328,10.218999862670898,-0.3204
ILE,97,CD1,1512,22.246000289916992,13.847000122070312,11.225000381469727,-0.066
ILE,97,H,1513,19.09000015258789,10.949000358581543,12.42199993133545,0.2719
ILE,97,HA,1514,20.107999801635742,10.753999710083008,9.623000144958496,0.0869
ILE,97,HB,1515,21.764999389648438,11.451000213623047,12.07800006866455,0.0187
ILE,97,1HG1,1516,21.086999893188477,13.085000038146973,9.704999923706055,0.0236
ILE,97,2HG1,1517,20.288000106811523,13.215999603271484,11.237000465393066,0.0236
ILE,97,1HG2,1518,23.601999282836914,11.741000175476074,10.479000091552734,0.0882
ILE,97,2HG2,1519,22.996000289916992,10.07800006866455,10.45199966430664,0.0882
ILE,97,3HG2,1520,22.55299949645996,11.192999839782715,9.154000282287598,0.0882
ILE,97,1HD1,1521,21.96299934387207,14.876999855041504,11.010000228881836,0.0186
ILE,97,2HD1,1522,22.351999282836914,13.711000442504883,12.27299976348877,0.0186
ILE,97,3HD1,1523,23.183000564575195,13.621000289916992,10.725000381469727,0.0186
MET,98,N,1524,21.006999969482422,8.494000434875488,9.854000091552734,-0.4157
MET,98,CA,1525,21.365999221801758,7.0970001220703125,9.987000465393066,-0.0237
MET,98,C,1526,22.756999969482422,6.789000034332275,9.454000473022461,0.5973
MET,98,O,1527,23.111000061035156,7.1620001792907715,8.342000007629395,-0.5679
MET,98,CB,1528,20.344999313354492,6.204999923706055,9.288000106811523,0.0342
MET,98,CG,1529,20.643999099731445,4.695000171661377,9.414999961853027,0.0018
MET,98,SD,1530,19.402999877929688,3.6570000648498535,8.633999824523926,-0.2737
MET,98,CE,1531,19.763999938964844,3.9700000286102295,6.9120001792907715,-0.0536
MET,98,H,1532,20.96500015258789,8.92300033569336,8.940999984741211,0.2719
MET,98,HA,1533,21.3799991607666,6.859000205993652,11.041999816894531,0.088
MET,98,1HB,1534,19.354999542236328,6.389999866485596,9.704000473022461,0.0241
MET,98,2HB,1535,20.30699920654297,6.456999778747559,8.227999687194824,0.0241
MET,98,1HG,1536,21.606000900268555,4.4710001945495605,8.956000328063965,0.044
MET,98,2HG,1537,20.700000762939453,4.421999931335449,10.472000122070312,0.044
MET,98,1HE,1538,19.079999923706055,3.3980000019073486,6.283999919891357,0.0684
MET,98,2HE,1539,19.645999908447266,5.0320000648498535,6.702000141143799,0.0684
MET,98,3HE,1540,20.780000686645508,3.6710000038146973,6.701000213623047,0.0684
TYR,99,N,1541,23.496999740600586,5.988999843597412,10.208999633789062,-0.4157
TYR,99,CA,1542,24.82699966430664,5.539999961853027,9.810999870300293,-0.0014
TYR,99,C,1543,24.92099952697754,4.0370001792907715,9.925999641418457,0.5973
TYR,99,O,1544,24.358999252319336,3.453000068664551,10.843999862670898,-0.5679
TYR,99,CB,1545,25.959999084472656,6.169000148773193,10.619999885559082,-0.0152
TYR,99,CG,1546,26.143999099731445,7.636000156402588,10.522000312805176,-0.0011
TYR,99,CD1,1547,25.45800018310547,8.484000205993652,11.36299991607666,-0.1906
TYR,99,CD2,1548,27.01300048828125,8.144000053405762,9.57800006866455,-0.1906
TYR,99,CE1,1549,25.64900016784668,9.84000015258789,11.25100040435791,-0.2341
TYR,99,CE2,1550,27.19499969482422,9.493000030517578,9.472999572753906,-0.2341
TYR,99,CZ,1551,26.518999099731445,10.343000411987305,10.303999900817871,0.3226
TYR,99,OH,1552,26.70199966430664,11.70199966430664,10.199000358581543,-0.5579
TYR,99,H,1553,23.183000564575195,5.802000045776367,11.156000137329102,0.2719
TYR,99,HA,1554,24.986000061035156,5.814000129699707,8.772000312805176,0.0876
TYR,99,1HB,1555,25.80699920654297,5.949999809265137,11.668999671936035,0.0295
TYR,99,2HB,1556,26.90399932861328,5.7179999351501465,10.3149995803833,0.0295
TYR,99,HD1,1557,24.77199935913086,8.079999923706055,12.109999656677246,0.1699
TYR,99,HD2,1558,27.552000045776367,7.4679999351501465,8.913000106811523,0.1699
TYR,99,HE1,1559,25.118000030517578,10.515000343322754,11.902999877929688,0.1656
TYR,99,HE2,1560,27.878000259399414,9.890999794006348,8.727999687194824,0.1656
TYR,99,HH,1561,27.33300018310547,11.88599967956543,9.498000144958496,0.3992
GLY,100,N,1562,25.715999603271484,3.3929998874664307,9.093000411987305,-0.4157
GLY,100,CA,1563,25.798999786376953,1.9589999914169312,9.321999549865723,-0.0252
GLY,100,C,1564,26.53499984741211,1.1579999923706055,8.286999702453613,0.5973
GLY,100,O,1565,26.774999618530273,1.5800000429153442,7.164000034332275,-0.5679
GLY,100,H,1566,26.069000244140625,3.8489999771118164,8.255999565124512,0.2719
GLY,100,1HA,1567,26.29199981689453,1.7910000085830688,10.279999732971191,0.0698
GLY,100,2HA,1568,24.788000106811523,1.5670000314712524,9.385000228881836,0.0698
CYS,101,N,1569,26.56399917602539,-0.1459999978542328,8.527000427246094,-0.4157
CYS,101,CA,1570,27.148000717163086,-1.0470000505447388,7.546000003814697,0.0213
CYS,101,C,1571,26.621999740600586,-2.4679999351501465,7.673999786376953,0.5973
CYS,101,O,1572,26.222999572753906,-2.9140000343322754,8.74899959564209,-0.5679
CYS,101,CB,1573,28.67799949645996,-1.0570000410079956,7.663000106811523,-0.1231
CYS,101,SG,1574,29.309999465942383,-1.496999979019165,9.29800033569336,-0.3119
CYS,101,H,1575,26.177000045776367,-0.5009999871253967,9.394000053405762,0.2719
CYS,101,HA,1576,26.871999740600586,-0.6859999895095825,6.559000015258789,0.1124
CYS,101,1HB,1577,29.09000015258789,-1.7649999856948853,6.947000026702881,0.1112
CYS,101,2HB,1578,29.066999435424805,-0.0689999982714653,7.4120001792907715,0.1112
ASP,102,N,1579,26.562999725341797,-3.1459999084472656,6.539000034332275,-0.5163
ASP,102,CA,1580,26.090999603271484,-4.510000228881836,6.421000003814697,0.0381
ASP,102,C,1581,27.26099967956543,-5.4079999923706055,6.09499979019165,0.5366
ASP,102,O,1582,27.990999221801758,-5.111999988555908,5.150000095367432,-0.5819
ASP,102,CB,1583,25.007999420166016,-4.638999938964844,5.333000183105469,-0.0303
ASP,102,CG,1584,23.690000534057617,-3.8559999465942383,5.5929999351501465,0.7994
ASP,102,OD1,1585,23.41200065612793,-3.490000009536743,6.709000110626221,-0.8014
ASP,102,OD2,1586,22.979000091552734,-3.640000104904175,4.632999897003174,-0.8014
ASP,102,H,1587,26.777000427246094,-2.6530001163482666,5.689000129699707,0.2936
ASP,102,HA,1588,25.652000427246094,-4.815000057220459,7.36899995803833,0.088
ASP,102,1HB,1589,25.416000366210938,-4.289000034332275,4.390999794006348,-0.0122
ASP,102,2HB,1590,24.7450008392334,-5.690999984741211,5.216000080108643,-0.0122
VAL,103,N,1591,27.39299964904785,-6.5320000648498535,6.798999786376953,-0.4157
VAL,103,CA,1592,28.472000122070312,-7.460000038146973,6.506999969482422,-0.0875
VAL,103,C,1593,27.93600082397461,-8.862000465393066,6.28000020980835,0.5973
VAL,103,O,1594,26.957000732421875,-9.272000312805176,6.890999794006348,-0.5679
VAL,103,CB,1595,29.5049991607666,-7.507999897003174,7.638000011444092,0.2985
VAL,103,CG1,1596,30.139999389648438,-6.125999927520752,7.822999954223633,-0.3192
VAL,103,CG2,1597,28.81399917602539,-7.985000133514404,8.89900016784668,-0.3192
VAL,103,H,1598,26.77899932861328,-6.705999851226807,7.580999851226807,0.2719
VAL,103,HA,1599,28.957000732421875,-7.125999927520752,5.599999904632568,0.0969
VAL,103,HB,1600,30.298999786376953,-8.189000129699707,7.375,-0.0297
VAL,103,1HG1,1601,30.874000549316406,-6.169000148773193,8.628000259399414,0.0791
VAL,103,2HG1,1602,30.631000518798828,-5.826000213623047,6.89900016784668,0.0791
VAL,103,3HG1,1603,29.37299919128418,-5.39900016784668,8.074000358581543,0.0791
VAL,103,1HG2,1604,29.534000396728516,-8.027999877929688,9.717000007629395,0.0791
VAL,103,2HG2,1605,28.023000717163086,-7.301000118255615,9.149999618530273,0.0791
VAL,103,3HG2,1606,28.39699935913086,-8.979999542236328,8.732999801635742,0.0791
GLY,104,N,1607,28.641000747680664,-9.642999649047852,5.484000205993652,-0.4157
GLY,104,CA,1608,28.229999542236328,-11.008000373840332,5.229000091552734,-0.0252
GLY,104,C,1609,28.336999893188477,-11.84000015258789,6.500999927520752,0.5973
GLY,104,O,1610,29.062000274658203,-11.505999565124512,7.434000015258789,-0.5679
GLY,104,H,1611,29.420000076293945,-9.258000373840332,4.978000164031982,0.2719
GLY,104,1HA,1612,27.20800018310547,-10.998000144958496,4.863999843597412,0.0698
GLY,104,2HA,1613,28.856000900268555,-11.437000274658203,4.447999954223633,0.0698
PRO,105,N,1614,28.0310001373291,-13.13700008392334,6.377999782562256,-0.2548
PRO,105,CA,1615,28.233999252319336,-14.166999816894531,7.38100004196167,-0.0266
PRO,105,C,1616,29.711000442504883,-14.322999954223633,7.75600004196167,0.5896
PRO,105,O,1617,30.040000915527344,-14.79800033569336,8.843000411987305,-0.5748
PRO,105,CB,1618,27.68400001525879,-15.418999671936035,6.679999828338623,-0.007
PRO,105,CG,1619,26.628000259399414,-14.881999969482422,5.735000133514404,0.0189
PRO,105,CD,1620,27.13800048828125,-13.550000190734863,5.275000095367432,0.0192
PRO,105,HA,1621,27.643999099731445,-13.918000221252441,8.277000427246094,0.0641
PRO,105,1HB,1622,28.499000549316406,-15.944000244140625,6.1579999923706055,0.0253
PRO,105,2HB,1623,27.277000427246094,-16.118000030517578,7.426000118255615,0.0253
PRO,105,1HG,1624,26.48200035095215,-15.579999923706055,4.89900016784668,0.0213
PRO,105,2HG,1625,25.672000885009766,-14.79800033569336,6.243000030517578,0.0213
PRO,105,1HD,1626,27.695999145507812,-13.656999588012695,4.334000110626221,0.0391
PRO,105,2HD,1627,26.27899932861328,-12.883000373840332,5.1479997634887695,0.0391
ASP,106,N,1628,30.593000411987305,-13.923999786376953,6.834000110626221,-0.5163
ASP,106,CA,1629,32.04100036621094,-14.031999588012695,7.000999927520752,0.0381
ASP,106,C,1630,32.694000244140625,-12.71399974822998,7.413000106811523,0.5366
ASP,106,O,1631,33.904998779296875,-12.659000396728516,7.629000186920166,-0.5819
ASP,106,CB,1632,32.68600082397461,-14.534000396728516,5.708000183105469,-0.0303
ASP,106,CG,1633,32.284000396728516,-15.963000297546387,5.3520002365112305,0.7994
ASP,106,OD1,1634,32.20899963378906,-16.77899932861328,6.238999843597412,-0.8014
ASP,106,OD2,1635,32.055999755859375,-16.222000122070312,4.192999839782715,-0.8014
ASP,106,H,1636,30.243000030517578,-13.532999992370605,5.9720001220703125,0.2936
ASP,106,HA,1637,32.23899841308594,-14.73799991607666,7.806000232696533,0.088
ASP,106,1HB,1638,32.40399932861328,-13.87600040435791,4.883999824523926,-0.0122
ASP,106,2HB,1639,33.770999908447266,-14.494000434875488,5.804999828338623,-0.0122
GLY,107,N,1640,31.891000747680664,-11.663000106811523,7.541999816894531,-0.4157
GLY,107,CA,1641,32.387001037597656,-10.336000442504883,7.88700008392334,-0.0252
GLY,107,C,1642,32.68299865722656,-9.494000434875488,6.645999908447266,0.5973
GLY,107,O,1643,33.20000076293945,-8.383000373840332,6.758999824523926,-0.5679
GLY,107,H,1644,30.906999588012695,-11.770000457763672,7.361999988555908,0.2719
GLY,107,1HA,1645,31.648000717163086,-9.824000358581543,8.503000259399414,0.0698
GLY,107,2HA,1646,33.29399871826172,-10.428999900817871,8.482000350952148,0.0698
ARG,108,N,1647,32.36199951171875,-10.02400016784668,5.4710001945495605,-0.3479
ARG,108,CA,1648,32.60100173950195,-9.32800006866455,4.210000038146973,-0.2637
ARG,108,C,1649,31.784000396728516,-8.053000450134277,4.086999893188477,0.7341
ARG,108,O,1650,30.576000213623047,-8.083000183105469,4.242000102996826,-0.5894
ARG,108,CB,1651,32.28200149536133,-10.237000465393066,3.0369999408721924,-0.0007
ARG,108,CG,1652,32.62699890136719,-9.670000076293945,1.6740000247955322,0.039
ARG,108,CD,1653,32.39699935913086,-10.663000106811523,0.6000000238418579,0.0486
ARG,108,NE,1654,30.982999801635742,-10.961999893188477,0.4440000057220459,-0.5295
ARG,108,CZ,1655,30.48900032043457,-11.989999771118164,-0.27000001072883606,0.8076
ARG,108,NH1,1656,31.30500030517578,-12.814000129699707,-0.8899999856948853,-0.8627
ARG,108,NH2,1657,29.18199920654297,-12.17199993133545,-0.34599998593330383,-0.8627
ARG,108,H,1658,31.93899917602539,-10.942000389099121,5.445000171661377,0.2747
ARG,108,HA,1659,33.65299987792969,-9.043999671936035,4.171000003814697,0.156
ARG,108,1HB,1660,32.823001861572266,-11.175999641418457,3.1489999294281006,0.0327
ARG,108,2HB,1661,31.214000701904297,-10.468999862670898,3.0399999618530273,0.0327
ARG,108,1HG,1662,32.00400161743164,-8.795000076293945,1.475000023841858,0.0285
ARG,108,2HG,1663,33.676998138427734,-9.378999710083008,1.6549999713897705,0.0285
ARG,108,1HD,1664,32.77199935913086,-10.272000312805176,-0.3449999988079071,0.0687
ARG,108,2HD,1665,32.91999816894531,-11.588000297546387,0.8389999866485596,0.0687
ARG,108,HE,1666,30.32200050354004,-10.35099983215332,0.906000018119812,0.3456
ARG,108,1HH1,1667,32.30400085449219,-12.673999786376953,-0.8309999704360962,0.4478
ARG,108,2HH1,1668,30.93400001525879,-13.585000038146973,-1.4249999523162842,0.4478
ARG,108,1HH2,1669,28.55500030517578,-11.538999557495117,0.13099999725818634,0.4478
ARG,108,2HH2,1670,28.809999465942383,-12.942999839782715,-0.8809999823570251,0.4478
PHE,109,N,1671,32.42399978637695,-6.932000160217285,3.7799999713897705,-0.4157
PHE,109,CA,1672,31.68000030517578,-5.682000160217285,3.6489999294281006,-0.0024
PHE,109,C,1673,30.738000869750977,-5.708000183105469,2.4609999656677246,0.5973
PHE,109,O,1674,31.174999237060547,-5.77400016784668,1.312000036239624,-0.5679
PHE,109,CB,1675,32.630001068115234,-4.497000217437744,3.497999906539917,-0.0343
PHE,109,CG,1676,31.933000564575195,-3.13700008392334,3.38100004196167,0.0118
PHE,109,CD1,1677,31.013999938964844,-2.6989998817443848,4.331999778747559,-0.1256
PHE,109,CD2,1678,32.20399856567383,-2.3010001182556152,2.311000108718872,-0.1256
PHE,109,CE1,1679,30.399999618530273,-1.472000002861023,4.203000068664551,-0.1704
PHE,109,CE2,1680,31.58099937438965,-1.0709999799728394,2.197000026702881,-0.1704
PHE,109,CZ,1681,30.68199920654297,-0.6660000085830688,3.1449999809265137,-0.1072
PHE,109,H,1682,33.42499923706055,-6.939000129699707,3.63700008392334,0.2719
PHE,109,HA,1683,31.09000015258789,-5.533999919891357,4.553999900817871,0.0978
PHE,109,1HB,1684,33.29800033569336,-4.459000110626221,4.35699987411499,0.0295
PHE,109,2HB,1685,33.24399948120117,-4.636000156402588,2.6110000610351562,0.0295
PHE,109,HD1,1686,30.781999588012695,-3.3359999656677246,5.183000087738037,0.133
PHE,109,HD2,1687,32.91899871826172,-2.619999885559082,1.5529999732971191,0.133
PHE,109,HE1,1688,29.687999725341797,-1.1360000371932983,4.941999912261963,0.143
PHE,109,HE2,1689,31.802000045776367,-0.421999990940094,1.350000023841858,0.143
PHE,109,HZ,1690,30.19300079345703,0.29499998688697815,3.053999900817871,0.1297
LEU,110,N,1691,29.451000213623047,-5.543000221252441,2.7360000610351562,-0.4157
LEU,110,CA,1692,28.437000274658203,-5.6020002365112305,1.7000000476837158,-0.0518
LEU,110,C,1693,27.893999099731445,-4.224999904632568,1.3240000009536743,0.5973
LEU,110,O,1694,27.827999114990234,-3.884000062942505,0.14300000667572021,-0.5679
LEU,110,CB,1695,27.27400016784668,-6.49399995803833,2.1470000743865967,-0.1102
LEU,110,CG,1696,27.61199951171875,-7.941999912261963,2.4489998817443848,0.3531
LEU,110,CD1,1697,26.354000091552734,-8.642000198364258,2.930999994277954,-0.4121
LEU,110,CD2,1698,28.174999237060547,-8.609000205993652,1.2139999866485596,-0.4121
LEU,110,H,1699,29.152999877929688,-5.505000114440918,3.696000099182129,0.2719
LEU,110,HA,1700,28.88800048828125,-6.02400016784668,0.8040000200271606,0.0922
LEU,110,1HB,1701,26.836000442504883,-6.070000171661377,3.0439999103546143,0.0457
LEU,110,2HB,1702,26.518999099731445,-6.493000030517578,1.3630000352859497,0.0457
LEU,110,HG,1703,28.341999053955078,-7.986999988555908,3.236999988555908,-0.0361
LEU,110,1HD1,1704,26.577999114990234,-9.673999786376953,3.1519999504089355,0.1
LEU,110,2HD1,1705,25.988000869750977,-8.14799976348877,3.8340001106262207,0.1
LEU,110,3HD1,1706,25.593000411987305,-8.595000267028809,2.1559998989105225,0.1
LEU,110,1HD2,1707,28.413999557495117,-9.64900016784668,1.4429999589920044,0.1
LEU,110,2HD2,1708,27.437999725341797,-8.574999809265137,0.4129999876022339,0.1
LEU,110,3HD2,1709,29.07900047302246,-8.088000297546387,0.8980000019073486,0.1
ARG,111,N,1710,27.509000778198242,-3.434999942779541,2.328000068664551,-0.3479
ARG,111,CA,1711,26.878999710083008,-2.138000011444092,2.056999921798706,-0.2637
ARG,111,C,1712,27.10700035095215,-1.1030000448226929,3.1480000019073486,0.7341
ARG,111,O,1713,27.12299919128418,-1.4229999780654907,4.326000213623047,-0.5894
ARG,111,CB,1714,25.381999969482422,-2.315000057220459,1.8639999628067017,-0.0007
ARG,111,CG,1715,24.60300064086914,-1.0479999780654907,1.559999942779541,0.039
ARG,111,CD,1716,23.18899917602539,-1.3279999494552612,1.399999976158142,0.0486
ARG,111,NE,1717,22.87299919128418,-2.061000108718872,0.21899999678134918,-0.5295
ARG,111,CZ,1718,21.67099952697754,-2.615000009536743,0.007000000216066837,0.8076
ARG,111,NH1,1719,20.72800064086914,-2.4839999675750732,0.9240000247955322,-0.8627
ARG,111,NH2,1720,21.43000030517578,-3.2850000858306885,-1.1069999933242798,-0.8627
ARG,111,H,1721,27.615999221801758,-3.7739999294281006,3.2839999198913574,0.2747
ARG,111,HA,1722,27.325000762939453,-1.7319999933242798,1.1490000486373901,0.156
ARG,111,1HB,1723,25.201000213623047,-3.009000062942505,1.0449999570846558,0.0327
ARG,111,2HB,1724,24.948999404907227,-2.749000072479248,2.757999897003174,0.0327
ARG,111,1HG,1725,24.715999603271484,-0.3330000042915344,2.365999937057495,0.0285
ARG,111,2HG,1726,24.975000381469727,-0.6029999852180481,0.6349999904632568,0.0285
ARG,111,1HD,1727,22.858999252319336,-1.9079999923706055,2.24399995803833,0.0687
ARG,111,2HD,1728,22.642000198364258,-0.3869999945163727,1.3550000190734863,0.0687
ARG,111,HE,1729,23.58799934387207,-2.1670000553131104,-0.48899999260902405,0.3456
ARG,111,1HH1,1730,20.91699981689453,-1.9630000591278076,1.7869999408721924,0.4478
ARG,111,2HH1,1731,19.819000244140625,-2.8970000743865967,0.7760000228881836,0.4478
ARG,111,1HH2,1732,22.155000686645508,-3.382999897003174,-1.8049999475479126,0.4478
ARG,111,2HH2,1733,20.523000717163086,-3.700000047683716,-1.2599999904632568,0.4478
GLY,112,N,1734,27.233999252319336,0.16099999845027924,2.759999990463257,-0.4157
GLY,112,CA,1735,27.37299919128418,1.2289999723434448,3.74399995803833,-0.0252
GLY,112,C,1736,26.20800018310547,2.2300000190734863,3.684000015258789,0.5973
GLY,112,O,1737,25.62700080871582,2.4489998817443848,2.619999885559082,-0.5679
GLY,112,H,1738,27.22800064086914,0.3869999945163727,1.7760000228881836,0.2719
GLY,112,1HA,1739,27.42300033569336,0.8040000200271606,4.74399995803833,0.0698
GLY,112,2HA,1740,28.308000564575195,1.7410000562667847,3.559000015258789,0.0698
TYR,113,N,1741,25.96299934387207,2.927000045776367,4.802000045776367,-0.4157
TYR,113,CA,1742,24.893999099731445,3.9179999828338623,4.915999889373779,-0.0014
TYR,113,C,1743,25.358999252319336,5.25,5.505000114440918,0.5973
TYR,113,O,1744,25.985000610351562,5.302000045776367,6.566999912261963,-0.5679
TYR,113,CB,1745,23.732999801635742,3.377000093460083,5.761000156402588,-0.0152
TYR,113,CG,1746,23.05900001525879,2.124000072479248,5.264999866485596,-0.0011
TYR,113,CD1,1747,23.582000732421875,0.8930000066757202,5.61299991607666,-0.1906
TYR,113,CD2,1748,21.92799949645996,2.197999954223633,4.468999862670898,-0.1906
TYR,113,CE1,1749,22.988000869750977,-0.2549999952316284,5.175000190734863,-0.2341
TYR,113,CE2,1750,21.32200050354004,1.034999966621399,4.0229997634887695,-0.2341
TYR,113,CZ,1751,21.851999282836914,-0.19200000166893005,4.375999927520752,0.3226
TYR,113,OH,1752,21.253000259399414,-1.36899995803833,3.934999942779541,-0.5579
TYR,113,H,1753,26.417999267578125,2.6389999389648438,5.650000095367432,0.2719
TYR,113,HA,1754,24.52199935913086,4.133999824523926,3.9140000343322754,0.0876
TYR,113,1HB,1755,24.093000411987305,3.1659998893737793,6.764999866485596,0.0295
TYR,113,2HB,1756,22.965999603271484,4.1479997634887695,5.830999851226807,0.0295
TYR,113,HD1,1757,24.4689998626709,0.8339999914169312,6.236999988555908,0.1699
TYR,113,HD2,1758,21.517000198364258,3.1679999828338623,4.195000171661377,0.1699
TYR,113,HE1,1759,23.4060001373291,-1.2070000171661377,5.454999923706055,0.1656
TYR,113,HE2,1760,20.43199920654297,1.0880000591278076,3.3959999084472656,0.1656
TYR,113,HH,1761,21.756000518798828,-2.128999948501587,4.261000156402588,0.3992
HIE,114,N,1762,24.704999923706055,6.310999870300293,5.0329999923706055,-0.4157
HIE,114,CA,1763,24.823999404907227,7.664999961853027,5.578999996185303,-0.0581
HIE,114,C,1764,23.65999984741211,8.501999855041504,5.033999919891357,0.5973
HIE,114,O,1765,23.663000106811523,8.887999534606934,3.868000030517578,-0.5679
HIE,114,CB,1766,26.165000915527344,8.28600025177002,5.205999851226807,-0.0074
HIE,114,CG,1767,26.429000854492188,9.638999938964844,5.796999931335449,0.1868
HIE,114,CD2,1768,25.729000091552734,10.406999588012695,6.656000137329102,-0.2207
HIE,114,ND1,1769,27.56999969482422,10.359999656677246,5.498000144958496,-0.5432
HIE,114,CE1,1770,27.558000564575195,11.501999855041504,6.140999794006348,0.1635
HIE,114,NE2,1771,26.464000701904297,11.564000129699707,6.8480000495910645,-0.2795
HIE,114,H,1772,24.166000366210938,6.193999767303467,4.185999870300293,0.2719
HIE,114,HA,1773,24.746999740600586,7.646999835968018,6.660999774932861,0.136
HIE,114,1HB,1774,26.961999893188477,7.620999813079834,5.5289998054504395,0.0367
HIE,114,2HB,1775,26.22800064086914,8.380000114440918,4.140999794006348,0.0367
HIE,114,HD2,1776,24.767000198364258,10.166000366210938,7.11299991607666,0.1862
HIE,114,HE1,1777,28.33099937438965,12.267999649047852,6.091000080108643,0.1435
HIE,114,HE2,1778,26.20400047302246,12.336000442504883,7.436999797821045,0.3339
GLN,115,N,1779,22.572999954223633,8.58899974822998,5.803999900817871,-0.4157
GLN,115,CA,1780,21.350000381469727,9.21399974822998,5.302000045776367,-0.0031
GLN,115,C,1781,20.792999267578125,10.291999816894531,6.232999801635742,0.5973
GLN,115,O,1782,20.882999420166016,10.187999725341797,7.449999809265137,-0.5679
GLN,115,CB,1783,20.28700065612793,8.137999534606934,5.066999912261963,-0.0036
GLN,115,CG,1784,20.687999725341797,7.078000068664551,4.063000202178955,-0.0645
GLN,115,CD,1785,19.590999603271484,6.061999797821045,3.828000068664551,0.6951
GLN,115,NE2,1786,19.858999252319336,5.091000080108643,2.9630000591278076,-0.9407
GLN,115,OE1,1787,18.51099967956543,6.145999908447266,4.415999889373779,-0.6086
GLN,115,H,1788,22.60099983215332,8.217000007629395,6.743000030517578,0.2719
GLN,115,HA,1789,21.582000732421875,9.720999717712402,4.366000175476074,0.085
GLN,115,1HB,1790,20.059999465942383,7.640999794006348,6.008999824523926,0.0171
GLN,115,2HB,1791,19.368000030517578,8.605999946594238,4.711999893188477,0.0171
GLN,115,1HG,1792,20.913000106811523,7.553999900817871,3.130000114440918,0.0352
GLN,115,2HG,1793,21.56800079345703,6.550000190734863,4.435999870300293,0.0352
GLN,115,1HE2,1794,19.17300033569336,4.390999794006348,2.7679998874664307,0.4251
GLN,115,2HE2,1795,20.749000549316406,5.059999942779541,2.507999897003174,0.4251
TYR,116,N,1796,20.121999740600586,11.279000282287598,5.646999835968018,-0.4157
TYR,116,CA,1797,19.45400047302246,12.354999542236328,6.379000186920166,-0.0014
TYR,116,C,1798,17.982999801635742,12.451000213623047,6.03000020980835,0.5973
TYR,116,O,1799,17.643999099731445,12.444000244140625,4.8480000495910645,-0.5679
TYR,116,CB,1800,20.136999130249023,13.6899995803833,6.111999988555908,-0.0152
TYR,116,CG,1801,21.548999786376953,13.776000022888184,6.521999835968018,-0.0011
TYR,116,CD1,1802,22.507999420166016,13.147000312805176,5.770999908447266,-0.1906
TYR,116,CD2,1803,21.899999618530273,14.47700023651123,7.64300012588501,-0.1906
TYR,116,CE1,1804,23.80299949645996,13.218000411987305,6.138000011444092,-0.2341
TYR,116,CE2,1805,23.21299934387207,14.553000450134277,8.017999649047852,-0.2341
TYR,116,CZ,1806,24.163999557495117,13.932999610900879,7.2789998054504395,0.3226
TYR,116,OH,1807,25.486000061035156,14.008000373840332,7.6570000648498535,-0.5579
TYR,116,H,1808,20.111000061035156,11.326000213623047,4.642000198364258,0.2719
TYR,116,HA,1809,19.53499984741211,12.147000312805176,7.445000171661377,0.0876
TYR,116,1HB,1810,20.084999084472656,13.88599967956543,5.067999839782715,0.0295
TYR,116,2HB,1811,19.597999572753906,14.482000350952148,6.632999897003174,0.0295
TYR,116,HD1,1812,22.224000930786133,12.58899974822998,4.879000186920166,0.1699
TYR,116,HD2,1813,21.139999389648438,14.972999572753906,8.234000205993652,0.1699
TYR,116,HE1,1814,24.54599952697754,12.720000267028809,5.539999961853027,0.1656
TYR,116,HE2,1815,23.4950008392334,15.109999656677246,8.91100025177002,0.1656
TYR,116,HH,1816,25.558000564575195,14.532999992370605,8.456999778747559,0.3992
ALA,117,N,1817,17.167999267578125,12.822999954223633,7.014999866485596,-0.4157
ALA,117,CA,1818,15.758000373840332,13.104000091552734,6.794000148773193,0.0337
ALA,117,C,1819,15.402999877929688,14.395000457763672,7.525000095367432,0.5973
ALA,117,O,1820,15.782999992370605,14.593999862670898,8.67199993133545,-0.5679
ALA,117,CB,1821,14.878999710083008,11.949000358581543,7.239999771118164,-0.1825
ALA,117,H,1822,17.4950008392334,12.734999656677246,7.9629998207092285,0.2719
ALA,117,HA,1823,15.614999771118164,13.253999710083008,5.729000091552734,0.0823
ALA,117,1HB,1824,13.833999633789062,12.180999755859375,7.031000137329102,0.0603
ALA,117,2HB,1825,15.166000366210938,11.04800033569336,6.699999809265137,0.0603
ALA,117,3HB,1826,15.005000114440918,11.791999816894531,8.289999961853027,0.0603
TYR,118,N,1827,14.494999885559082,15.178000450134277,6.968999862670898,-0.4157
TYR,118,CA,1828,14.08899974822998,16.40399932861328,7.644000053405762,-0.0014
TYR,118,C,1829,12.588000297546387,16.62299919128418,7.59499979019165,0.5973
TYR,118,O,1830,11.925999641418457,16.374000549316406,6.590000152587891,-0.5679
TYR,118,CB,1831,14.814000129699707,17.597000122070312,7.031000137329102,-0.0152
TYR,118,CG,1832,14.508000373840332,18.916000366210938,7.701000213623047,-0.0011
TYR,118,CD1,1833,15.067999839782715,19.222999572753906,8.942999839782715,-0.1906
TYR,118,CD2,1834,13.67199993133545,19.81599998474121,7.077000141143799,-0.1906
TYR,118,CE1,1835,14.774999618530273,20.43600082397461,9.541999816894531,-0.2341
TYR,118,CE2,1836,13.381999969482422,21.020999908447266,7.671999931335449,-0.2341
TYR,118,CZ,1837,13.923999786376953,21.336000442504883,8.890999794006348,0.3226
TYR,118,OH,1838,13.62399959564209,22.535999298095703,9.46500015258789,-0.5579
TYR,118,H,1839,14.105999946594238,14.942000389099121,6.071000099182129,0.2719
TYR,118,HA,1840,14.357999801635742,16.325000762939453,8.694000244140625,0.0876
TYR,118,1HB,1841,15.892999649047852,17.43199920654297,7.084000110626221,0.0295
TYR,118,2HB,1842,14.545000076293945,17.683000564575195,5.978000164031982,0.0295
TYR,118,HD1,1843,15.729999542236328,18.510000228881836,9.439000129699707,0.1699
TYR,118,HD2,1844,13.236000061035156,19.572999954223633,6.107999801635742,0.1699
TYR,118,HE1,1845,15.206000328063965,20.687000274658203,10.513999938964844,0.1656
TYR,118,HE2,1846,12.720000267028809,21.72800064086914,7.172999858856201,0.1656
TYR,118,HH,1847,13.060999870300293,23.045000076293945,8.864999771118164,0.3992
ASP,119,N,1848,12.008999824523926,16.69700050354004,8.793000221252441,-0.5163
ASP,119,CA,1849,10.569999694824219,16.70400047302246,9.005000114440918,0.0381
ASP,119,C,1850,9.934000015258789,15.413000106811523,8.498000144958496,0.5366
ASP,119,O,1851,8.826000213623047,15.42199993133545,7.961999893188477,-0.5819
ASP,119,CB,1852,9.930000305175781,17.90399932861328,8.293999671936035,-0.0303
ASP,119,CG,1853,8.553999900817871,18.270000457763672,8.85099983215332,0.7994
ASP,119,OD1,1854,8.322999954223633,18.038999557495117,10.013999938964844,-0.8014
ASP,119,OD2,1855,7.749000072479248,18.777999877929688,8.105999946594238,-0.8014
ASP,119,H,1856,12.592000007629395,16.631000518798828,9.611000061035156,0.2936
ASP,119,HA,1857,10.378999710083008,16.790000915527344,10.076000213623047,0.088
ASP,119,1HB,1858,10.586000442504883,18.773000717163086,8.387999534606934,-0.0122
ASP,119,2HB,1859,9.824000358581543,17.687999725341797,7.230999946594238,-0.0122
GLY,120,N,1860,10.654000282287598,14.303000450134277,8.67300033569336,-0.4157
GLY,120,CA,1861,10.187000274658203,12.977999687194824,8.281999588012695,-0.0252
GLY,120,C,1862,10.38599967956543,12.668999671936035,6.796000003814697,0.5973
GLY,120,O,1863,10.10099983215332,11.555000305175781,6.355000019073486,-0.5679
GLY,120,H,1864,11.569999694824219,14.383000373840332,9.090999603271484,0.2719
GLY,120,1HA,1865,10.718999862670898,12.22700023651123,8.866999626159668,0.0698
GLY,120,2HA,1866,9.128000259399414,12.887999534606934,8.515999794006348,0.0698
LYS,121,N,1867,10.887999534606934,13.633000373840332,6.0289998054504395,-0.3479
LYS,121,CA,1868,11.074000358581543,13.447999954223633,4.5960001945495605,-0.24
LYS,121,C,1869,12.522000312805176,13.142999649047852,4.252999782562256,0.7341
LYS,121,O,1870,13.434000015258789,13.675000190734863,4.866000175476074,-0.5894
LYS,121,CB,1871,10.604000091552734,14.684000015258789,3.8340001106262207,-0.0094
LYS,121,CG,1872,9.123000144958496,14.980999946594238,3.9660000801086426,0.0187
LYS,121,CD,1873,8.744999885559082,16.209999084472656,3.1540000438690186,-0.0479
LYS,121,CE,1874,7.265999794006348,16.52899932861328,3.2790000438690186,-0.0143
LYS,121,NZ,1875,6.894999980926514,17.73900032043457,2.496999979019165,-0.3854
LYS,121,H,1876,11.10099983215332,14.536999702453613,6.427000045776367,0.2747
LYS,121,HA,1877,10.482999801635742,12.59000015258789,4.2779998779296875,0.1426
LYS,121,1HB,1878,11.151000022888184,15.557000160217285,4.185999870300293,0.0362
LYS,121,2HB,1879,10.82699966430664,14.562999725341797,2.7739999294281006,0.0362
LYS,121,1HG,1880,8.54699993133545,14.12600040435791,3.6110000610351562,0.0103
LYS,121,2HG,1881,8.880999565124512,15.152999877929688,5.015999794006348,0.0103
LYS,121,1HD,1882,9.321999549865723,17.06599998474121,3.505000114440918,0.0621
LYS,121,2HD,1883,8.979999542236328,16.038000106811523,2.1040000915527344,0.0621
LYS,121,1HE,1884,6.686999797821045,15.680000305175781,2.9189999103546143,0.1135
LYS,121,2HE,1885,7.02400016784668,16.695999145507812,4.328999996185303,0.1135
LYS,121,1HZ,1886,5.9070000648498535,17.920000076293945,2.6029999256134033,0.34
LYS,121,2HZ,1887,7.421000003814697,18.533000946044922,2.8340001106262207,0.34
LYS,121,3HZ,1888,7.105000019073486,17.586999893188477,1.5199999809265137,0.34
ASP,122,N,1889,12.732000350952148,12.319000244140625,3.239000082015991,-0.5163
ASP,122,CA,1890,14.083999633789062,12.006999969482422,2.7839999198913574,0.0381
ASP,122,C,1891,14.765999794006348,13.28499984741211,2.322000026702881,0.5366
ASP,122,O,1892,14.305999755859375,13.913999557495117,1.3739999532699585,-0.5819
ASP,122,CB,1893,14.034000396728516,10.967000007629395,1.656999945640564,-0.0303
ASP,122,CG,1894,15.409000396728516,10.467000007629395,1.2070000171661377,0.7994
ASP,122,OD1,1895,16.392000198364258,11.045000076293945,1.5920000076293945,-0.8014
ASP,122,OD2,1896,15.45300006866455,9.505000114440918,0.4749999940395355,-0.8014
ASP,122,H,1897,11.944000244140625,11.894000053405762,2.7720000743865967,0.2936
ASP,122,HA,1898,14.649999618530273,11.59000015258789,3.618000030517578,0.088
ASP,122,1HB,1899,13.45199966430664,10.105999946594238,1.9859999418258667,-0.0122
ASP,122,2HB,1900,13.529999732971191,11.397000312805176,0.7919999957084656,-0.0122
TYR,123,N,1901,15.845000267028809,13.675000190734863,2.996999979019165,-0.4157
TYR,123,CA,1902,16.551000595092773,14.90999984741211,2.680000066757202,-0.0014
TYR,123,C,1903,17.711000442504883,14.635000228881836,1.7289999723434448,0.5973
TYR,123,O,1904,17.649999618530273,15.01099967956543,0.5569999814033508,-0.5679
TYR,123,CB,1905,17.04599952697754,15.576000213623047,3.9719998836517334,-0.0152
TYR,123,CG,1906,17.736000061035156,16.902999877929688,3.7860000133514404,-0.0011
TYR,123,CD1,1907,16.985000610351562,18.042999267578125,3.562999963760376,-0.1906
TYR,123,CD2,1908,19.104999542236328,16.985000610351562,3.8369998931884766,-0.1906
TYR,123,CE1,1909,17.615999221801758,19.25,3.3940000534057617,-0.2341
TYR,123,CE2,1910,19.73900032043457,18.19099998474121,3.6689999103546143,-0.2341
TYR,123,CZ,1911,18.996000289916992,19.322999954223633,3.447000026702881,0.3226
TYR,123,OH,1912,19.60700035095215,20.527999877929688,3.2769999504089355,-0.5579
TYR,123,H,1913,16.198999404907227,13.107999801635742,3.750999927520752,0.2719
TYR,123,HA,1914,15.86400032043457,15.586000442504883,2.1689999103546143,0.0876
TYR,123,1HB,1915,16.20199966430664,15.734999656677246,4.642000198364258,0.0295
TYR,123,2HB,1916,17.740999221801758,14.920999526977539,4.4770002365112305,0.0295
TYR,123,HD1,1917,15.89799976348877,17.979000091552734,3.5220000743865967,0.1699
TYR,123,HD2,1918,19.676000595092773,16.104000091552734,4.008999824523926,0.1699
TYR,123,HE1,1919,17.034000396728516,20.145999908447266,3.2190001010894775,0.1656
TYR,123,HE2,1920,20.82699966430664,18.246999740600586,3.7090001106262207,0.1656
TYR,123,HH,1921,20.54800033569336,20.429000854492188,3.312999963760376,0.3992
ILE,124,N,1922,18.738000869750977,13.90999984741211,2.186000108718872,-0.4157
ILE,124,CA,1923,19.834999084472656,13.616000175476074,1.2640000581741333,-0.0597
ILE,124,C,1924,20.371999740600586,12.22599983215332,1.6399999856948853,0.5973
ILE,124,O,1925,20.29400062561035,11.831000328063965,2.799999952316284,-0.5679
ILE,124,CB,1926,20.95400047302246,14.706999778747559,1.3660000562667847,0.1303
ILE,124,CG1,1927,21.910999298095703,14.642000198364258,0.2070000022649765,-0.043
ILE,124,CG2,1928,21.724000930786133,14.59000015258789,2.640000104904175,-0.3204
ILE,124,CD1,1929,22.81100082397461,15.836999893188477,0.0949999988079071,-0.066
ILE,124,H,1930,18.683000564575195,13.48799991607666,3.1089999675750732,0.2719
ILE,124,HA,1931,19.447999954223633,13.59000015258789,0.25099998712539673,0.0869
ILE,124,HB,1932,20.4950008392334,15.694000244140625,1.3270000219345093,0.0187
ILE,124,1HG1,1933,22.503000259399414,13.78600025177002,0.3050000071525574,0.0236
ILE,124,2HG1,1934,21.356000900268555,14.553999900817871,-0.6959999799728394,0.0236
ILE,124,1HG2,1935,22.488000869750977,15.362000465393066,2.6700000762939453,0.0882
ILE,124,2HG2,1936,21.08300018310547,14.708000183105469,3.447999954223633,0.0882
ILE,124,3HG2,1937,22.19300079345703,13.612000465393066,2.690999984741211,0.0882
ILE,124,1HD1,1938,23.46500015258789,15.711999893188477,-0.7609999775886536,0.0186
ILE,124,2HD1,1939,22.209999084472656,16.735000610351562,-0.03400000184774399,0.0186
ILE,124,3HD1,1940,23.40999984741211,15.928999900817871,0.996999979019165,0.0186
ALA,125,N,1941,20.829999923706055,11.442999839782715,0.6639999747276306,-0.4157
ALA,125,CA,1942,21.284000396728516,10.081999778747559,0.9900000095367432,0.0337
ALA,125,C,1943,22.496000289916992,9.607000350952148,0.20499999821186066,0.5973
ALA,125,O,1944,22.589000701904297,9.776000022888184,-1.003000020980835,-0.5679
ALA,125,CB,1945,20.12299919128418,9.123000144958496,0.8019999861717224,-0.1825
ALA,125,H,1946,20.812999725341797,11.77400016784668,-0.2919999957084656,0.2719
ALA,125,HA,1947,21.600000381469727,10.093999862670898,2.0320000648498535,0.0823
ALA,125,1HB,1948,20.413999557495117,8.128999710083008,1.1119999885559082,0.0603
ALA,125,2HB,1949,19.275999069213867,9.456000328063965,1.4040000438690186,0.0603
ALA,125,3HB,1950,19.836999893188477,9.104000091552734,-0.24899999797344208,0.0603
LEU,126,N,1951,23.45800018310547,9.031000137329102,0.9120000004768372,-0.4157
LEU,126,CA,1952,24.65999984741211,8.527000427246094,0.27300000190734863,-0.0518
LEU,126,C,1953,24.29800033569336,7.263999938964844,-0.49799999594688416,0.5973
LEU,126,O,1954,23.773000717163086,6.309000015258789,0.07599999755620956,-0.5679
LEU,126,CB,1955,25.729000091552734,8.23799991607666,1.340999960899353,-0.1102
LEU,126,CG,1956,27.101999282836914,7.763000011444092,0.8399999737739563,0.3531
LEU,126,CD1,1957,27.750999450683594,8.85200023651123,0.017999999225139618,-0.4121
LEU,126,CD2,1958,27.964000701904297,7.388999938964844,2.0329999923706055,-0.4121
LEU,126,H,1959,23.3700008392334,8.947999954223633,1.9140000343322754,0.2719
LEU,126,HA,1960,25.051000595092773,9.28499984741211,-0.4050000011920929,0.0922
LEU,126,1HB,1961,25.895000457763672,9.135000228881836,1.9129999876022339,0.0457
LEU,126,2HB,1962,25.347000122070312,7.4679999351501465,2.010999917984009,0.0457
LEU,126,HG,1963,26.972999572753906,6.900000095367432,0.19900000095367432,-0.0361
LEU,126,1HD1,1964,28.722999572753906,8.517000198364258,-0.3370000123977661,0.1
LEU,126,2HD1,1965,27.125999450683594,9.083999633789062,-0.8240000009536743,0.1
LEU,126,3HD1,1966,27.878999710083008,9.734000205993652,0.6269999742507935,0.1
LEU,126,1HD2,1967,28.941999435424805,7.050000190734863,1.6859999895095825,0.1
LEU,126,2HD2,1968,28.08799934387207,8.258000373840332,2.6700000762939453,0.1
LEU,126,3HD2,1969,27.482999801635742,6.589000225067139,2.5959999561309814,0.1
LYS,127,N,1970,24.582000732421875,7.256999969482422,-1.7920000553131104,-0.3479
LYS,127,CA,1971,24.250999450683594,6.105000019073486,-2.627000093460083,-0.24
LYS,127,C,1972,25.11400032043457,4.900000095367432,-2.2850000858306885,0.7341
LYS,127,O,1973,26.198999404907227,5.041999816894531,-1.7309999465942383,-0.5894
LYS,127,CB,1974,24.44099998474121,6.410999774932861,-4.114999771118164,-0.0094
LYS,127,CG,1975,23.48200035095215,7.460000038146973,-4.683000087738037,0.0187
LYS,127,CD,1976,23.660999298095703,7.591000080108643,-6.197000026702881,-0.0479
LYS,127,CE,1977,22.7189998626709,8.62399959564209,-6.801000118255615,-0.0143
LYS,127,NZ,1978,22.884000778198242,8.720999717712402,-8.291000366210938,-0.3854
LYS,127,H,1979,25.072999954223633,8.041999816894531,-2.194000005722046,0.2747
LYS,127,HA,1980,23.20400047302246,5.8480000495910645,-2.4660000801086426,0.1426
LYS,127,1HB,1981,25.461000442504883,6.765999794006348,-4.284999847412109,0.0362
LYS,127,2HB,1982,24.31100082397461,5.498000144958496,-4.696000099182129,0.0362
LYS,127,1HG,1983,22.452999114990234,7.171999931335449,-4.4670000076293945,0.0103
LYS,127,2HG,1984,23.677000045776367,8.427000045776367,-4.210999965667725,0.0103
LYS,127,1HD,1985,24.67300033569336,7.88100004196167,-6.418000221252441,0.0621
LYS,127,2HD,1986,23.466999053955078,6.626999855041504,-6.666999816894531,0.0621
LYS,127,1HE,1987,21.69300079345703,8.347000122070312,-6.573999881744385,0.1135
LYS,127,2HE,1988,22.926000595092773,9.600000381469727,-6.354000091552734,0.1135
LYS,127,1HZ,1989,22.246000289916992,9.413000106811523,-8.656999588012695,0.34
LYS,127,2HZ,1990,23.833999633789062,8.989999771118164,-8.508000373840332,0.34
LYS,127,3HZ,1991,22.68400001525879,7.824999809265137,-8.711999893188477,0.34
GLU,128,N,1992,24.70599937438965,3.739000082015991,-2.808000087738037,-0.5163
GLU,128,CA,1993,25.40999984741211,2.4660000801086426,-2.634000062942505,0.0397
GLU,128,C,1994,26.895000457763672,2.5269999504089355,-2.9739999771118164,0.5366
GLU,128,O,1995,27.707000732421875,1.8730000257492065,-2.319999933242798,-0.5819
GLU,128,CB,1996,24.749000549316406,1.38100004196167,-3.4860000610351562,0.056
GLU,128,CG,1997,25.349000930786133,-0.00800000037997961,-3.308000087738037,0.0136
GLU,128,CD,1998,24.631999969482422,-1.062999963760376,-4.111999988555908,0.8054
GLU,128,OE1,1999,23.690000534057617,-0.7300000190734863,-4.789999961853027,-0.8188
GLU,128,OE2,2000,25.02899932861328,-2.203000068664551,-4.046000003814697,-0.8188
GLU,128,H,2001,23.80500030517578,3.7170000076293945,-3.2639999389648438,0.2936
GLU,128,HA,2002,25.341999053955078,2.186000108718872,-1.5820000171661377,0.1105
GLU,128,1HB,2003,23.68899917602539,1.3220000267028809,-3.240000009536743,-0.0173
GLU,128,2HB,2004,24.82900047302246,1.649999976158142,-4.539000034332275,-0.0173
GLU,128,1HG,2005,26.395000457763672,0.019999999552965164,-3.615999937057495,-0.0425
GLU,128,2HG,2006,25.31399917602539,-0.2759999930858612,-2.250999927520752,-0.0425
ASP,129,N,2007,27.250999450683594,3.2980000972747803,-3.999000072479248,-0.5163
ASP,129,CA,2008,28.635000228881836,3.4149999618530273,-4.447999954223633,0.0381
ASP,129,C,2009,29.534000396728516,4.057000160217285,-3.3949999809265137,0.5366
ASP,129,O,2010,30.746000289916992,3.8519999980926514,-3.3959999084472656,-0.5819
ASP,129,CB,2011,28.715999603271484,4.244999885559082,-5.732999801635742,-0.0303
ASP,129,CG,2012,28.160999298095703,3.5209999084472656,-6.959000110626221,0.7994
ASP,129,OD1,2013,27.93400001525879,2.3389999866485596,-6.877999782562256,-0.8014
ASP,129,OD2,2014,27.972000122070312,4.163000106811523,-7.965000152587891,-0.8014
ASP,129,H,2015,26.534000396728516,3.802999973297119,-4.502999782562256,0.2936
ASP,129,HA,2016,29.017000198364258,2.4149999618530273,-4.65500020980835,0.088
ASP,129,1HB,2017,28.156999588012695,5.173999786376953,-5.5980000495910645,-0.0122
ASP,129,2HB,2018,29.757999420166016,4.510000228881836,-5.928999900817871,-0.0122
LEU,130,N,2019,28.91200065612793,4.821000099182129,-2.496000051498413,-0.4157
LEU,130,CA,2020,29.545000076293945,5.589000225067139,-1.4299999475479126,-0.0518
LEU,130,C,2021,30.44499969482422,6.684000015258789,-1.9830000400543213,0.5973
LEU,130,O,2022,31.34600067138672,7.159999847412109,-1.2929999828338623,-0.5679
LEU,130,CB,2023,30.382999420166016,4.696000099182129,-0.4950000047683716,-0.1102
LEU,130,CG,2024,29.649999618530273,3.497999906539917,0.13899999856948853,0.3531
LEU,130,CD1,2025,30.62299919128418,2.7260000705718994,1.024999976158142,-0.4121
LEU,130,CD2,2026,28.4689998626709,3.986999988555908,0.9330000281333923,-0.4121
LEU,130,H,2027,27.913000106811523,4.916999816894531,-2.575000047683716,0.2719
LEU,130,HA,2028,28.764999389648438,6.059000015258789,-0.8429999947547913,0.0922
LEU,130,1HB,2029,31.224000930786133,4.298999786376953,-1.0470000505447388,0.0457
LEU,130,2HB,2030,30.770000457763672,5.311999797821045,0.3160000145435333,0.0457
LEU,130,HG,2031,29.30299949645996,2.8269999027252197,-0.6349999904632568,-0.0361
LEU,130,1HD1,2032,30.110000610351562,1.8830000162124634,1.4730000495910645,0.1
LEU,130,2HD1,2033,31.457000732421875,2.365000009536743,0.42399999499320984,0.1
LEU,130,3HD1,2034,31.00200080871582,3.378000020980835,1.809000015258789,0.1
LEU,130,1HD2,2035,27.95599937438965,3.140000104904175,1.378999948501587,0.1
LEU,130,2HD2,2036,28.81100082397461,4.6479997634887695,1.7100000381469727,0.1
LEU,130,3HD2,2037,27.785999298095703,4.519999980926514,0.2770000100135803,0.1
ARG,131,N,2038,30.18600082397461,7.0970001220703125,-3.2260000705718994,-0.3479
ARG,131,CA,2039,30.95800018310547,8.14900016784668,-3.867000102996826,-0.2637
ARG,131,C,2040,30.11400032043457,9.36400032043457,-4.239999771118164,0.7341
ARG,131,O,2041,30.6560001373291,10.402000427246094,-4.619999885559082,-0.5894
ARG,131,CB,2042,31.632999420166016,7.611999988555908,-5.123000144958496,-0.0007
ARG,131,CG,2043,32.72100067138672,6.576000213623047,-4.866000175476074,0.039
ARG,131,CD,2044,33.23099899291992,5.994999885559082,-6.125,0.0486
ARG,131,NE,2045,34.349998474121094,5.081999778747559,-5.890999794006348,-0.5295
ARG,131,CZ,2046,34.222999572753906,3.7920000553131104,-5.5229997634887695,0.8076
ARG,131,NH1,2047,33.029998779296875,3.2709999084472656,-5.3480000495910645,-0.8627
ARG,131,NH2,2048,35.30099868774414,3.049999952316284,-5.336999893188477,-0.8627
ARG,131,H,2049,29.42300033569336,6.673999786376953,-3.7339999675750732,0.2747
ARG,131,HA,2050,31.711999893188477,8.50100040435791,-3.1630001068115234,0.156
ARG,131,1HB,2051,30.884000778198242,7.15500020980835,-5.770999908447266,0.0327
ARG,131,2HB,2052,32.082000732421875,8.437000274658203,-5.675000190734863,0.0327
ARG,131,1HG,2053,33.555999755859375,7.046000003814697,-4.343999862670898,0.0285
ARG,131,2HG,2054,32.31999969482422,5.769999980926514,-4.256999969482422,0.0285
ARG,131,1HD,2055,32.43199920654297,5.439000129699707,-6.617000102996826,0.0687
ARG,131,2HD,2056,33.57400131225586,6.794000148773193,-6.781000137329102,0.0687
ARG,131,HE,2057,35.2859992980957,5.442999839782715,-6.015999794006348,0.3456
ARG,131,1HH1,2058,32.20600128173828,3.8380000591278076,-5.488999843597412,0.4478
ARG,131,2HH1,2059,32.9370002746582,2.305000066757202,-5.071000099182129,0.4478
ARG,131,1HH2,2060,36.21900177001953,3.450000047683716,-5.4720001220703125,0.4478
ARG,131,2HH2,2061,35.20600128173828,2.0840001106262207,-5.060999870300293,0.4478
SER,132,N,2062,28.790000915527344,9.237000465393066,-4.146999835968018,-0.4157
SER,132,CA,2063,27.891000747680664,10.321000099182129,-4.544000148773193,-0.0249
SER,132,C,2064,26.61199951171875,10.317999839782715,-3.7179999351501465,0.5973
SER,132,O,2065,26.327999114990234,9.343000411987305,-3.0309998989105225,-0.5679
SER,132,CB,2066,27.554000854492188,10.1899995803833,-6.01200008392334,0.2117
SER,132,OG,2067,26.820999145507812,9.032999992370605,-6.251999855041504,-0.6546
SER,132,H,2068,28.399999618530273,8.371999740600586,-3.8010001182556152,0.2719
SER,132,HA,2069,28.415000915527344,11.269000053405762,-4.420000076293945,0.0843
SER,132,1HB,2070,26.981000900268555,11.0600004196167,-6.331999778747559,0.0352
SER,132,2HB,2071,28.472999572753906,10.170000076293945,-6.5960001945495605,0.0352
SER,132,HG,2072,26.02199935913086,9.114999771118164,-5.728000164031982,0.4275
TRP,133,N,2073,25.867000579833984,11.420999526977539,-3.7899999618530273,-0.4157
TRP,133,CA,2074,24.63800048828125,11.602999687194824,-3.0179998874664307,-0.0275
TRP,133,C,2075,23.375999450683594,11.829999923706055,-3.8450000286102295,0.5973
TRP,133,O,2076,23.434999465942383,12.309000015258789,-4.974999904632568,-0.5679
TRP,133,CB,2077,24.802000045776367,12.784000396728516,-2.059000015258789,-0.005
TRP,133,CG,2078,25.83300018310547,12.64900016784668,-0.9980000257492065,-0.1415
TRP,133,CD1,2079,27.173999786376953,12.812999725341797,-1.121999979019165,-0.1638
TRP,133,CD2,2080,25.584999084472656,12.315999984741211,0.36899998784065247,0.1243
TRP,133,CE2,2081,26.81999969482422,12.29800033569336,1.0080000162124634,0.138
TRP,133,CE3,2082,24.454999923706055,12.041000366210938,1.090000033378601,-0.2387
TRP,133,NE1,2083,27.780000686645508,12.60099983215332,0.08500000089406967,-0.3418
TRP,133,CZ2,2084,26.916000366210938,12.005999565124512,2.3429999351501465,-0.2601
TRP,133,CZ3,2085,24.549999237060547,11.753999710083008,2.4089999198913574,-0.1972
TRP,133,CH2,2086,25.735000610351562,11.737000465393066,3.0179998874664307,-0.1134
TRP,133,H,2087,26.159000396728516,12.16100025177002,-4.4120001792907715,0.2719
TRP,133,HA,2088,24.457000732421875,10.684000015258789,-2.4639999866485596,0.1123
TRP,133,1HB,2089,25.051000595092773,13.668999671936035,-2.627000093460083,0.0339
TRP,133,2HB,2090,23.854999542236328,12.96500015258789,-1.555999994277954,0.0339
TRP,133,HD1,2091,27.690000534057617,13.072999954223633,-2.0450000762939453,0.2062
TRP,133,HE1,2092,28.773000717163086,12.657999992370605,0.26600000262260437,0.3412
TRP,133,HE3,2093,23.500999450683594,12.053999900817871,0.6129999756813049,0.17
TRP,133,HZ2,2094,27.865999221801758,11.984999656677246,2.861999988555908,0.1572
TRP,133,HZ3,2095,23.632999420166016,11.536999702453613,2.9590001106262207,0.1447
TRP,133,HH2,2096,25.753999710083008,11.506999969482422,4.048999786376953,0.1417
THR,134,N,2097,22.23200035095215,11.45300006866455,-3.2720000743865967,-0.4157
THR,134,CA,2098,20.927000045776367,11.756999969482422,-3.8299999237060547,-0.0389
THR,134,C,2099,20.37299919128418,12.965999603271484,-3.1059999465942383,0.5973
THR,134,O,2100,20.198999404907227,12.925999641418457,-1.8969999551773071,-0.5679
THR,134,CB,2101,19.964000701904297,10.562999725341797,-3.700000047683716,0.3654
THR,134,CG2,2102,18.59000015258789,10.928999900817871,-4.243000030517578,-0.2438
THR,134,OG1,2103,20.481000900268555,9.449000358581543,-4.427999973297119,-0.6761
THR,134,H,2104,22.268999099731445,11.008000373840332,-2.372999906539917,0.2719
THR,134,HA,2105,21.03499984741211,11.986000061035156,-4.889999866485596,0.1007
THR,134,HB,2106,19.875999450683594,10.28499984741211,-2.6489999294281006,0.0043
THR,134,HG1,2107,21.341999053955078,9.208000183105469,-4.077000141143799,0.4102
THR,134,1HG2,2108,17.922000885009766,10.074999809265137,-4.144000053405762,0.0642
THR,134,2HG2,2109,18.18600082397461,11.770999908447266,-3.683000087738037,0.0642
THR,134,3HG2,2110,18.677000045776367,11.201000213623047,-5.294000148773193,0.0642
ALA,135,N,2111,19.917999267578125,13.96399974822998,-3.8459999561309814,-0.4157
ALA,135,CA,2112,19.333999633789062,15.156000137329102,-3.2330000400543213,0.0337
ALA,135,C,2113,17.849000930786133,15.211999893188477,-3.5420000553131104,0.5973
ALA,135,O,2114,17.452999114990234,15.423999786376953,-4.689000129699707,-0.5679
ALA,135,CB,2115,20.031999588012695,16.408000946044922,-3.7339999675750732,-0.1825
ALA,135,H,2116,20.007999420166016,13.920999526977539,-4.849999904632568,0.2719
ALA,135,HA,2117,19.458999633789062,15.107999801635742,-2.1519999504089355,0.0823
ALA,135,1HB,2118,19.566999435424805,17.274999618530273,-3.296999931335449,0.0603
ALA,135,2HB,2119,21.07699966430664,16.37700080871582,-3.450000047683716,0.0603
ALA,135,3HB,2120,19.95400047302246,16.464000701904297,-4.816999912261963,0.0603
ALA,136,N,2121,17.02899932861328,15.083999633789062,-2.505000114440918,-0.4157
ALA,136,CA,2122,15.583000183105469,15.02299976348877,-2.6659998893737793,0.0337
ALA,136,C,2123,14.961999893188477,16.312999725341797,-3.196000099182129,0.5973
ALA,136,O,2124,14.036999702453613,16.267000198364258,-4.007999897003174,-0.5679
ALA,136,CB,2125,14.949999809265137,14.637999534606934,-1.350000023841858,-0.1825
ALA,136,H,2126,17.40999984741211,14.909000396728516,-1.5820000171661377,0.2719
ALA,136,HA,2127,15.37600040435791,14.258000373840332,-3.4140000343322754,0.0823
ALA,136,1HB,2128,13.87399959564209,14.527000427246094,-1.4780000448226929,0.0603
ALA,136,2HB,2129,15.375,13.692999839782715,-1.0080000162124634,0.0603
ALA,136,3HB,2130,15.149999618530273,15.418999671936035,-0.6150000095367432,0.0603
ASP,137,N,2131,15.454000473022461,17.45599937438965,-2.734999895095825,-0.5163
ASP,137,CA,2132,14.880999565124512,18.73900032043457,-3.125999927520752,0.0381
ASP,137,C,2133,15.928999900817871,19.84600067138672,-3.180999994277954,0.5366
ASP,137,O,2134,17.125999450683594,19.576000213623047,-3.121999979019165,-0.5819
ASP,137,CB,2135,13.798999786376953,19.14699935913086,-2.11299991607666,-0.0303
ASP,137,CG,2136,14.336000442504883,19.36400032043457,-0.6940000057220459,0.7994
ASP,137,OD1,2137,15.513999938964844,19.56599998474121,-0.5509999990463257,-0.8014
ASP,137,OD2,2138,13.559000015258789,19.322999954223633,0.2280000001192093,-0.8014
ASP,137,H,2139,16.229000091552734,17.43400001525879,-2.0889999866485596,0.2936
ASP,137,HA,2140,14.425000190734863,18.632999420166016,-4.111000061035156,0.088
ASP,137,1HB,2141,13.317000389099121,20.06599998474121,-2.433000087738037,-0.0122
ASP,137,2HB,2142,13.031000137329102,18.374000549316406,-2.075000047683716,-0.0122
MET,138,N,2143,15.454999923706055,21.094999313354492,-3.2060000896453857,-0.4157
MET,138,CA,2144,16.28700065612793,22.295000076293945,-3.2639999389648438,-0.0237
MET,138,C,2145,17.36199951171875,22.357999801635742,-2.2090001106262207,0.5973
MET,138,O,2146,18.552000045776367,22.363000869750977,-2.509999990463257,-0.5679
MET,138,CB,2147,15.432000160217285,23.547000885009766,-3.1649999618530273,0.0342
MET,138,CG,2148,16.246000289916992,24.833999633789062,-3.1689999103546143,0.0018
MET,138,SD,2149,15.255999565124512,26.267000198364258,-2.811000108718872,-0.2737
MET,138,CE,2150,14.970999717712402,25.988000869750977,-1.0440000295639038,-0.0536
MET,138,H,2151,14.454999923706055,21.222000122070312,-3.242000102996826,0.2719
MET,138,HA,2152,16.804000854492188,22.29400062561035,-4.2230000495910645,0.088
MET,138,1HB,2153,14.734999656677246,23.577999114990234,-4.0,0.0241
MET,138,2HB,2154,14.842000007629395,23.514999389648438,-2.247999906539917,0.0241
MET,138,1HG,2155,17.038999557495117,24.767000198364258,-2.4240000247955322,0.044
MET,138,2HG,2156,16.70800018310547,24.9689998626709,-4.145999908447266,0.044
MET,138,1HE,2157,14.359999656677246,26.79599952697754,-0.640999972820282,0.0684
MET,138,2HE,2158,14.454000473022461,25.038000106811523,-0.9020000100135803,0.0684
MET,138,3HE,2159,15.928999900817871,25.961000442504883,-0.5199999809265137,0.0684
ALA,139,N,2160,16.920000076293945,22.323999404907227,-0.9639999866485596,-0.4157
ALA,139,CA,2161,17.790000915527344,22.43199920654297,0.1850000023841858,0.0337
ALA,139,C,2162,18.822999954223633,21.319000244140625,0.17299999296665192,0.5973
ALA,139,O,2163,19.999000549316406,21.551000595092773,0.45399999618530273,-0.5679
ALA,139,CB,2164,16.951000213623047,22.375999450683594,1.4420000314712524,-0.1825
ALA,139,H,2165,15.920999526977539,22.304000854492188,-0.8109999895095825,0.2719
ALA,139,HA,2166,18.31599998474121,23.378999710083008,0.1589999943971634,0.0823
ALA,139,1HB,2167,17.58799934387207,22.416000366210938,2.313999891281128,0.0603
ALA,139,2HB,2168,16.263999938964844,23.222999572753906,1.4609999656677246,0.0603
ALA,139,3HB,2169,16.389999389648438,21.450000762939453,1.4429999589920044,0.0603
ALA,140,N,2170,18.38800048828125,20.12299919128418,-0.21899999678134918,-0.4157
ALA,140,CA,2171,19.270999908447266,18.969999313354492,-0.28200000524520874,0.0337
ALA,140,C,2172,20.32900047302246,19.194000244140625,-1.3580000400543213,0.5973
ALA,140,O,2173,21.506000518798828,18.982999801635742,-1.1059999465942383,-0.5679
ALA,140,CB,2174,18.47800064086914,17.708999633789062,-0.550000011920929,-0.1825
ALA,140,H,2175,17.40399932861328,19.993999481201172,-0.42399999499320984,0.2719
ALA,140,HA,2176,19.777000427246094,18.861000061035156,0.675000011920929,0.0823
ALA,140,1HB,2177,19.158000946044922,16.861000061035156,-0.5910000205039978,0.0603
ALA,140,2HB,2178,17.7549991607666,17.56100082397461,0.25099998712539673,0.0603
ALA,140,3HB,2179,17.959999084472656,17.799999237060547,-1.4880000352859497,0.0603
GLN,141,N,2180,19.94099998474121,19.878999710083008,-2.443000078201294,-0.4157
GLN,141,CA,2181,20.856000900268555,20.11400032043457,-3.562000036239624,-0.0031
GLN,141,C,2182,21.964000701904297,21.059999465942383,-3.13100004196167,0.5973
GLN,141,O,2183,23.13800048828125,20.80699920654297,-3.384999990463257,-0.5679
GLN,141,CB,2184,20.117000579833984,20.68600082397461,-4.770999908447266,-0.0036
GLN,141,CG,2185,20.965999603271484,20.812999725341797,-6.019999980926514,-0.0645
GLN,141,CD,2186,21.451000213623047,19.476999282836914,-6.5329999923706055,0.6951
GLN,141,NE2,2187,22.756000518798828,19.367000579833984,-6.743000030517578,-0.9407
GLN,141,OE1,2188,20.66200065612793,18.551000595092773,-6.739999771118164,-0.6086
GLN,141,H,2189,18.95400047302246,19.900999069213867,-2.6459999084472656,0.2719
GLN,141,HA,2190,21.288999557495117,19.16200065612793,-3.865000009536743,0.085
GLN,141,1HB,2191,19.26300048828125,20.049999237060547,-5.007999897003174,0.0171
GLN,141,2HB,2192,19.729999542236328,21.670000076293945,-4.535999774932861,0.0171
GLN,141,1HG,2193,20.374000549316406,21.283000946044922,-6.803999900817871,0.0352
GLN,141,2HG,2194,21.83799934387207,21.427000045776367,-5.789000034332275,0.0352
GLN,141,1HE2,2195,23.13800048828125,18.506000518798828,-7.083000183105469,0.4251
GLN,141,2HE2,2196,23.357999801635742,20.143999099731445,-6.561999797821045,0.4251
ILE,142,N,2197,21.608999252319336,21.993999481201172,-2.252000093460083,-0.4157
ILE,142,CA,2198,22.572999954223633,22.974000930786133,-1.774999976158142,-0.0597
ILE,142,C,2199,23.648000717163086,22.240999221801758,-0.9959999918937683,0.5973
ILE,142,O,2200,24.84000015258789,22.360000610351562,-1.281000018119812,-0.5679
ILE,142,CB,2201,21.90399932861328,24.04599952697754,-0.8880000114440918,0.1303
ILE,142,CG1,2202,20.94099998474121,24.902000427246094,-1.7120000123977661,-0.043
ILE,142,CG2,2203,22.959999084472656,24.898000717163086,-0.2370000034570694,-0.3204
ILE,142,CD1,2204,20.041000366210938,25.797000885009766,-0.8610000014305115,-0.066
ILE,142,H,2205,20.621999740600586,22.19300079345703,-2.1480000019073486,0.2719
ILE,142,HA,2206,23.014999389648438,23.48200035095215,-2.63100004196167,0.0869
ILE,142,HB,2207,21.31100082397461,23.565000534057617,-0.11999999731779099,0.0187
ILE,142,1HG1,2208,21.520000457763672,25.527000427246094,-2.3889999389648438,0.0236
ILE,142,2HG1,2209,20.315000534057617,24.2450008392334,-2.312000036239624,0.0236
ILE,142,1HG2,2210,22.48900032043457,25.645999908447266,0.38199999928474426,0.0882
ILE,142,2HG2,2211,23.606000900268555,24.27199935913086,0.3779999911785126,0.0882
ILE,142,3HG2,2212,23.55699920654297,25.38800048828125,-1.00600004196167,0.0882
ILE,142,1HD1,2213,19.382999420166016,26.375,-1.5099999904632568,0.0186
ILE,142,2HD1,2214,19.44300079345703,25.194000244140625,-0.1979999989271164,0.0186
ILE,142,3HD1,2215,20.655000686645508,26.474000930786133,-0.2709999978542328,0.0186
THR,143,N,2216,23.179000854492188,21.343000411987305,-0.13600000739097595,-0.4157
THR,143,CA,2217,24.01300048828125,20.527999877929688,0.7260000109672546,-0.0389
THR,143,C,2218,24.892000198364258,19.594999313354492,-0.0989999994635582,0.5973
THR,143,O,2219,26.100000381469727,19.538000106811523,0.1120000034570694,-0.5679
THR,143,CB,2220,23.121999740600586,19.72599983215332,1.694000005722046,0.3654
THR,143,CG2,2221,23.916000366210938,18.80299949645996,2.5139999389648438,-0.2438
THR,143,OG1,2222,22.43000030517578,20.642000198364258,2.546999931335449,-0.6761
THR,143,H,2223,22.187000274658203,21.368999481201172,0.06700000166893005,0.2719
THR,143,HA,2224,24.674999237060547,21.183000564575195,1.2960000038146973,0.1007
THR,143,HB,2225,22.402999877929688,19.155000686645508,1.128000020980835,0.0043
THR,143,HG1,2226,21.54599952697754,20.354000091552734,2.678999900817871,0.4102
THR,143,1HG2,2227,23.256999969482422,18.25200080871582,3.184000015258789,0.0642
THR,143,2HG2,2228,24.437999725341797,18.107999801635742,1.8609999418258667,0.0642
THR,143,3HG2,2229,24.634000778198242,19.37299919128418,3.0959999561309814,0.0642
LYS,144,N,2230,24.302000045776367,19.01300048828125,-1.1440000534057617,-0.3479
LYS,144,CA,2231,25.000999450683594,18.072999954223633,-2.009000062942505,-0.24
LYS,144,C,2232,26.226999282836914,18.711000442504883,-2.640000104904175,0.7341
LYS,144,O,2233,27.334999084472656,18.202999114990234,-2.493000030517578,-0.5894
LYS,144,CB,2234,24.06399917602539,17.54599952697754,-3.1029999256134033,-0.0094
LYS,144,CG,2235,24.7189998626709,16.57699966430664,-4.071000099182129,0.0187
LYS,144,CD,2236,23.719999313354492,16.047000885009766,-5.1020002365112305,-0.0479
LYS,144,CE,2237,24.410999298095703,15.168999671936035,-6.138999938964844,-0.0143
LYS,144,NZ,2238,23.457000732421875,14.645999908447266,-7.163000106811523,-0.3854
LYS,144,H,2239,23.298999786376953,19.030000686645508,-1.1920000314712524,0.2747
LYS,144,HA,2240,25.319000244140625,17.219999313354492,-1.4079999923706055,0.1426
LYS,144,1HB,2241,23.22100067138672,17.04199981689453,-2.6470000743865967,0.0362
LYS,144,2HB,2242,23.67099952697754,18.375999450683594,-3.677999973297119,0.0362
LYS,144,1HG,2243,25.533000946044922,17.082000732421875,-4.5960001945495605,0.0103
LYS,144,2HG,2244,25.128999710083008,15.741000175476074,-3.5220000743865967,0.0103
LYS,144,1HD,2245,22.948999404907227,15.46399974822998,-4.5980000495910645,0.0621
LYS,144,2HD,2246,23.243000030517578,16.8799991607666,-5.607999801635742,0.0621
LYS,144,1HE,2247,25.179000854492188,15.74899959564209,-6.636000156402588,0.1135
LYS,144,2HE,2248,24.881000518798828,14.32699966430664,-5.631999969482422,0.1135
LYS,144,1HZ,2249,23.95599937438965,14.071000099182129,-7.827000141143799,0.34
LYS,144,2HZ,2250,22.743999481201172,14.093000411987305,-6.708000183105469,0.34
LYS,144,3HZ,2251,23.024999618530273,15.418999671936035,-7.6479997634887695,0.34
ARG,145,N,2252,26.054000854492188,19.930999755859375,-3.1470000743865967,-0.3479
ARG,145,CA,2253,27.128000259399414,20.624000549316406,-3.8499999046325684,-0.2637
ARG,145,C,2254,28.275999069213867,20.96299934387207,-2.9159998893737793,0.7341
ARG,145,O,2255,29.44300079345703,20.749000549316406,-3.252000093460083,-0.5894
ARG,145,CB,2256,26.583999633789062,21.895999908447266,-4.4770002365112305,-0.0007
ARG,145,CG,2257,25.634000778198242,21.673999786376953,-5.642000198364258,0.039
ARG,145,CD,2258,25.06100082397461,22.95199966430664,-6.130000114440918,0.0486
ARG,145,NE,2259,24.148000717163086,22.74799919128418,-7.242000102996826,-0.5295
ARG,145,CZ,2260,23.384000778198242,23.71299934387207,-7.790999889373779,0.8076
ARG,145,NH1,2261,23.43600082397461,24.94099998474121,-7.320000171661377,-0.8627
ARG,145,NH2,2262,22.58300018310547,23.427000045776367,-8.803000450134277,-0.8627
ARG,145,H,2263,25.106000900268555,20.259000778198242,-3.2730000019073486,0.2747
ARG,145,HA,2264,27.48699951171875,19.97800064086914,-4.6519999504089355,0.156
ARG,145,1HB,2265,26.052000045776367,22.472999572753906,-3.7200000286102295,0.0327
ARG,145,2HB,2266,27.410999298095703,22.507999420166016,-4.834000110626221,0.0327
ARG,145,1HG,2267,26.17099952697754,21.20199966430664,-6.465000152587891,0.0285
ARG,145,2HG,2268,24.816999435424805,21.02899932861328,-5.327000141143799,0.0285
ARG,145,1HD,2269,24.511999130249023,23.43400001525879,-5.320000171661377,0.0687
ARG,145,2HD,2270,25.86400032043457,23.606000900268555,-6.466000080108643,0.0687
ARG,145,HE,2271,24.079999923706055,21.816999435424805,-7.63100004196167,0.3456
ARG,145,1HH1,2272,24.04800033569336,25.159000396728516,-6.546999931335449,0.4478
ARG,145,2HH1,2273,22.863000869750977,25.663000106811523,-7.73199987411499,0.4478
ARG,145,1HH2,2274,22.54400062561035,22.482999801635742,-9.163999557495117,0.4478
ARG,145,2HH2,2275,22.01099967956543,24.149999618530273,-9.21399974822998,0.4478
LYS,146,N,2276,27.929000854492188,21.301000595092773,-1.6779999732971191,-0.3479
LYS,146,CA,2277,28.929000854492188,21.67799949645996,-0.6930000185966492,-0.24
LYS,146,C,2278,29.7450008392334,20.466999053955078,-0.28299999237060547,0.7341
LYS,146,O,2279,30.96299934387207,20.55299949645996,-0.14100000262260437,-0.5894
LYS,146,CB,2280,28.259000778198242,22.336000442504883,0.5149999856948853,-0.0094
LYS,146,CG,2281,27.69300079345703,23.725000381469727,0.21699999272823334,0.0187
LYS,146,CD,2282,27.02199935913086,24.350000381469727,1.437000036239624,-0.0479
LYS,146,CE,2283,26.51799964904785,25.757999420166016,1.11899995803833,-0.0143
LYS,146,NZ,2284,25.854999542236328,26.400999069213867,2.2920000553131104,-0.3854
LYS,146,H,2285,26.95599937438965,21.51099967956543,-1.4859999418258667,0.2747
LYS,146,HA,2286,29.61199951171875,22.395999908447266,-1.1469999551773071,0.1426
LYS,146,1HB,2287,27.44499969482422,21.702999114990234,0.8700000047683716,0.0362
LYS,146,2HB,2288,28.979999542236328,22.426000595092773,1.3270000219345093,0.0362
LYS,146,1HG,2289,28.499000549316406,24.382999420166016,-0.1080000028014183,0.0103
LYS,146,2HG,2290,26.961000442504883,23.652999877929688,-0.5820000171661377,0.0103
LYS,146,1HD,2291,26.179000854492188,23.725000381469727,1.7480000257492065,0.0621
LYS,146,2HD,2292,27.733999252319336,24.402000427246094,2.259999990463257,0.0621
LYS,146,1HE,2293,27.361000061035156,26.37299919128418,0.8100000023841858,0.1135
LYS,146,2HE,2294,25.80500030517578,25.701000213623047,0.30000001192092896,0.1135
LYS,146,1HZ,2295,25.540000915527344,27.326000213623047,2.0360000133514404,0.34
LYS,146,2HZ,2296,25.058000564575195,25.843000411987305,2.5840001106262207,0.34
LYS,146,3HZ,2297,26.51300048828125,26.469999313354492,3.055999994277954,0.34
TRP,147,N,2298,29.082000732421875,19.316999435424805,-0.23399999737739563,-0.4157
TRP,147,CA,2299,29.69099998474121,18.06399917602539,0.17499999701976776,-0.0275
TRP,147,C,2300,30.599000930786133,17.51099967956543,-0.9160000085830688,0.5973
TRP,147,O,2301,31.50200080871582,16.71500015258789,-0.6499999761581421,-0.5679
TRP,147,CB,2302,28.577999114990234,17.077999114990234,0.503000020980835,-0.005
TRP,147,CG,2303,27.97800064086914,17.433000564575195,1.809000015258789,-0.1415
TRP,147,CD1,2304,28.319000244140625,18.530000686645508,2.549999952316284,-0.1638
TRP,147,CD2,2305,26.961999893188477,16.756999969482422,2.561000108718872,0.1243
TRP,147,CE2,2306,26.749000549316406,17.499000549316406,3.7249999046325684,0.138
TRP,147,CE3,2307,26.222999572753906,15.602999687194824,2.3489999771118164,-0.2387
TRP,147,NE1,2308,27.58799934387207,18.572999954223633,3.697000026702881,-0.3418
TRP,147,CZ2,2309,25.825000762939453,17.114999771118164,4.675000190734863,-0.2601
TRP,147,CZ3,2310,25.299999237060547,15.232999801635742,3.309999942779541,-0.1972
TRP,147,CH2,2311,25.111000061035156,15.968999862670898,4.433000087738037,-0.1134
TRP,147,H,2312,28.075000762939453,19.347999572753906,-0.3199999928474426,0.2719
TRP,147,HA,2313,30.281999588012695,18.242000579833984,1.069000005722046,0.1123
TRP,147,1HB,2314,27.820999145507812,17.097999572753906,-0.27399998903274536,0.0339
TRP,147,2HB,2315,28.972999572753906,16.07200050354004,0.5339999794960022,0.0339
TRP,147,HD1,2316,29.06800079345703,19.263999938964844,2.2639999389648438,0.2062
TRP,147,HE1,2317,27.655000686645508,19.283000946044922,4.4120001792907715,0.3412
TRP,147,HE3,2318,26.368999481201172,15.013999938964844,1.4520000219345093,0.17
TRP,147,HZ2,2319,25.655000686645508,17.68899917602539,5.585999965667725,0.1572
TRP,147,HZ3,2320,24.722000122070312,14.333000183105469,3.1500000953674316,0.1447
TRP,147,HH2,2321,24.382999420166016,15.64799976348877,5.1570000648498535,0.1417
GLU,148,N,2322,30.25200080871582,17.768999099731445,-2.180999994277954,-0.5163
GLU,148,CA,2323,31.04599952697754,17.211999893188477,-3.2739999294281006,0.0397
GLU,148,C,2324,32.42900085449219,17.858999252319336,-3.303999900817871,0.5366
GLU,148,O,2325,33.441001892089844,17.281999588012695,-2.9100000858306885,-0.5819
GLU,148,CB,2326,30.381000518798828,17.39699935913086,-4.640999794006348,0.056
GLU,148,CG,2327,29.148000717163086,16.554000854492188,-4.895999908447266,0.0136
GLU,148,CD,2328,28.552000045776367,16.819000244140625,-6.250999927520752,0.8054
GLU,148,OE1,2329,29.020000457763672,17.70599937438965,-6.922999858856201,-0.8188
GLU,148,OE2,2330,27.6299991607666,16.13599967956543,-6.614999771118164,-0.8188
GLU,148,H,2331,29.36199951171875,18.204999923706055,-2.377000093460083,0.2936
GLU,148,HA,2332,31.156999588012695,16.139999389648438,-3.1110000610351562,0.1105
GLU,148,1HB,2333,30.089000701904297,18.441999435424805,-4.76200008392334,-0.0173
GLU,148,2HB,2334,31.099000930786133,17.163000106811523,-5.426000118255615,-0.0173
GLU,148,1HG,2335,29.41699981689453,15.50100040435791,-4.822999954223633,-0.0425
GLU,148,2HG,2336,28.41200065612793,16.757999420166016,-4.133999824523926,-0.0425
ALA,149,N,2337,32.367000579833984,19.149999618530273,-2.9619998931884766,-0.4157
ALA,149,CA,2338,33.57099914550781,19.969999313354492,-2.8340001106262207,0.0337
ALA,149,C,2339,34.367000579833984,19.56399917602539,-1.600000023841858,0.5973
ALA,149,O,2340,35.58399963378906,19.39299964904785,-1.659999966621399,-0.5679
ALA,149,CB,2341,33.18899917602539,21.440000534057617,-2.7750000953674316,-0.1825
ALA,149,H,2342,31.479000091552734,19.628999710083008,-3.065000057220459,0.2719
ALA,149,HA,2343,34.20100021362305,19.805999755859375,-3.7079999446868896,0.0823
ALA,149,1HB,2344,34.0890007019043,22.045000076293945,-2.677999973297119,0.0603
ALA,149,2HB,2345,32.6619987487793,21.714000701904297,-3.687999963760376,0.0603
ALA,149,3HB,2346,32.54199981689453,21.613000869750977,-1.9179999828338623,0.0603
ALA,150,N,2347,33.64699935913086,19.284000396728516,-0.5230000019073486,-0.4157
ALA,150,CA,2348,34.236000061035156,18.94700050354004,0.7630000114440918,0.0337
ALA,150,C,2349,34.70199966430664,17.496000289916992,0.8349999785423279,0.5973
ALA,150,O,2350,35.3380012512207,17.101999282836914,1.812000036239624,-0.5679
ALA,150,CB,2351,33.25199890136719,19.256000518798828,1.8730000257492065,-0.1825
ALA,150,H,2352,32.66299819946289,19.518999099731445,-0.5339999794960022,0.2719
ALA,150,HA,2353,35.12699890136719,19.56399917602539,0.878000020980835,0.0823
ALA,150,1HB,2354,33.72100067138672,19.073999404907227,2.8389999866485596,0.0603
ALA,150,2HB,2355,32.94900131225586,20.299999237060547,1.8109999895095825,0.0603
ALA,150,3HB,2356,32.38999938964844,18.62299919128418,1.7660000324249268,0.0603
HID,151,N,2357,34.26499938964844,16.68400001525879,-0.12800000607967377,-0.4157
HID,151,CA,2358,34.599998474121094,15.265999794006348,-0.20399999618530273,0.0188
HID,151,C,2359,34.06700134277344,14.491999626159668,0.9829999804496765,0.5973
HID,151,O,2360,34.74399948120117,13.611000061035156,1.5099999904632568,-0.5679
HID,151,CB,2361,36.11600112915039,15.0600004196167,-0.29499998688697815,-0.0462
HID,151,CG,2362,36.73400115966797,15.746999740600586,-1.468999981880188,-0.0266
HID,151,CD2,2363,37.54600143432617,16.825000762939453,-1.5440000295639038,0.1292
HID,151,ND1,2364,36.53499984741211,15.326000213623047,-2.7669999599456787,-0.3811
HID,151,CE1,2365,37.20000076293945,16.118000030517578,-3.5889999866485596,0.2057
HID,151,NE2,2366,37.81999969482422,17.035999298095703,-2.872999906539917,-0.5727
HID,151,H,2367,33.8129997253418,17.086000442504883,-0.9380000233650208,0.2719
HID,151,HA,2368,34.16699981689453,14.842000007629395,-1.1100000143051147,0.0881
HID,151,1HB,2369,36.60200119018555,15.425000190734863,0.6010000109672546,0.0402
HID,151,2HB,2370,36.33399963378906,13.998000144958496,-0.36399999260902405,0.0402
HID,151,HD1,2371,35.92300033569336,14.593000411987305,-3.063999891281128,0.3649
HID,151,HD2,2372,37.97100067138672,17.485000610351562,-0.7860000133514404,0.1147
HID,151,HE1,2373,37.16999816894531,15.951000213623047,-4.665999889373779,0.1392
VAL,152,N,2374,32.849998474121094,14.821999549865723,1.3899999856948853,-0.4157
VAL,152,CA,2375,32.18000030517578,14.133000373840332,2.4749999046325684,-0.0875
VAL,152,C,2376,31.976999282836914,12.663999557495117,2.1710000038146973,0.5973
VAL,152,O,2377,32.31100082397461,11.8100004196167,2.986999988555908,-0.5679
VAL,152,CB,2378,30.81599998474121,14.769000053405762,2.760999917984009,0.2985
VAL,152,CG1,2379,30.025999069213867,13.916999816894531,3.7360000610351562,-0.3192
VAL,152,CG2,2380,31.04199981689453,16.14900016784668,3.2929999828338623,-0.3192
VAL,152,H,2381,32.3390007019043,15.519000053405762,0.859000027179718,0.2719
VAL,152,HA,2382,32.79899978637695,14.218000411987305,3.36899995803833,0.0969
VAL,152,HB,2383,30.240999221801758,14.814000129699707,1.847000002861023,-0.0297
VAL,152,1HG1,2384,29.058000564575195,14.385000228881836,3.927000045776367,0.0791
VAL,152,2HG1,2385,29.871999740600586,12.928999900817871,3.312000036239624,0.0791
VAL,152,3HG1,2386,30.576000213623047,13.829000473022461,4.671000003814697,0.0791
VAL,152,1HG2,2387,30.09600067138672,16.615999221801758,3.5,0.0791
VAL,152,2HG2,2388,31.628000259399414,16.0939998626709,4.210000038146973,0.0791
VAL,152,3HG2,2389,31.57900047302246,16.72599983215332,2.5510001182556152,0.0791
ALA,153,N,2390,31.606000900268555,12.36400032043457,0.9229999780654907,-0.4157
ALA,153,CA,2391,31.378999710083008,10.989999771118164,0.5090000033378601,0.0337
ALA,153,C,2392,32.624000549316406,10.13599967956543,0.6949999928474426,0.5973
ALA,153,O,2393,32.518001556396484,8.996000289916992,1.1369999647140503,-0.5679
ALA,153,CB,2394,30.917999267578125,10.9350004196167,-0.9419999718666077,-0.1825
ALA,153,H,2395,31.381000518798828,13.11299991607666,0.28200000524520874,0.2719
ALA,153,HA,2396,30.597000122070312,10.565999984741211,1.1410000324249268,0.0823
ALA,153,1HB,2397,30.743000030517578,9.899999618530273,-1.2280000448226929,0.0603
ALA,153,2HB,2398,30.00200080871582,11.496999740600586,-1.0570000410079956,0.0603
ALA,153,3HB,2399,31.684999465942383,11.36400032043457,-1.5829999446868896,0.0603
GLU,154,N,2400,33.80699920654297,10.710000038146973,0.4259999990463257,-0.5163
GLU,154,CA,2401,35.058998107910156,9.967000007629395,0.5509999990463257,0.0397
GLU,154,C,2402,35.435001373291016,9.720000267028809,1.9919999837875366,0.5366
GLU,154,O,2403,35.8120002746582,8.604999542236328,2.3589999675750732,-0.5819
GLU,154,CB,2404,36.19200134277344,10.711000442504883,-0.14499999582767487,0.056
GLU,154,CG,2405,36.04899978637695,10.776000022888184,-1.6449999809265137,0.0136
GLU,154,CD,2406,35.98400115966797,9.40999984741211,-2.25,0.8054
GLU,154,OE1,2407,36.805999755859375,8.593000411987305,-1.906000018119812,-0.8188
GLU,154,OE2,2408,35.1150016784668,9.178000450134277,-3.055000066757202,-0.8188
GLU,154,H,2409,33.83000183105469,11.66100025177002,0.0820000022649765,0.2936
GLU,154,HA,2410,34.9370002746582,9.005000114440918,0.05000000074505806,0.1105
GLU,154,1HB,2411,36.242000579833984,11.727999687194824,0.23499999940395355,-0.0173
GLU,154,2HB,2412,37.13999938964844,10.229000091552734,0.08500000089406967,-0.0173
GLU,154,1HG,2413,35.138999938964844,11.326000213623047,-1.8919999599456787,-0.0425
GLU,154,2HG,2414,36.89400100708008,11.322999954223633,-2.061000108718872,-0.0425
GLN,155,N,2415,35.11899948120117,10.6850004196167,2.8499999046325684,-0.4157
GLN,155,CA,2416,35.44499969482422,10.54800033569336,4.252999782562256,-0.0031
GLN,155,C,2417,34.604000091552734,9.4399995803833,4.843999862670898,0.5973
GLN,155,O,2418,35.12099838256836,8.522000312805176,5.486000061035156,-0.5679
GLN,155,CB,2419,35.207000732421875,11.869999885559082,4.986000061035156,-0.0036
GLN,155,CG,2420,36.17399978637695,12.973999977111816,4.611000061035156,-0.0645
GLN,155,CD,2421,35.808998107910156,14.300999641418457,5.25,0.6951
GLN,155,NE2,2422,36.81100082397461,15.140000343322754,5.48199987411499,-0.9407
GLN,155,OE1,2423,34.637001037597656,14.571000099182129,5.5320000648498535,-0.6086
GLN,155,H,2424,34.8390007019043,11.590999603271484,2.490999937057495,0.2719
GLN,155,HA,2425,36.49800109863281,10.28600025177002,4.3480000495910645,0.085
GLN,155,1HB,2426,34.19900131225586,12.222999572753906,4.78000020980835,0.0171
GLN,155,2HB,2427,35.284000396728516,11.706999778747559,6.059999942779541,0.0171
GLN,155,1HG,2428,37.172000885009766,12.696000099182129,4.945000171661377,0.0352
GLN,155,2HG,2429,36.16400146484375,13.100000381469727,3.5339999198913574,0.0352
GLN,155,1HE2,2430,36.632999420166016,16.0310001373291,5.9019999504089355,0.4251
GLN,155,2HE2,2431,37.74599838256836,14.883000373840332,5.238999843597412,0.4251
GLN,156,N,2432,33.34400177001953,9.425000190734863,4.414000034332275,-0.4157
GLN,156,CA,2433,32.367000579833984,8.48799991607666,4.906000137329102,-0.0031
GLN,156,C,2434,32.65800094604492,7.0929999351501465,4.400000095367432,0.5973
GLN,156,O,2435,32.763999938964844,6.160999774932861,5.179999828338623,-0.5679
GLN,156,CB,2436,30.968000411987305,8.888999938964844,4.50600004196167,-0.0036
GLN,156,CG,2437,29.95199966430664,8.067000389099121,5.1620001792907715,-0.0645
GLN,156,CD,2438,29.961999893188477,8.265000343322754,6.681000232696533,0.6951
GLN,156,NE2,2439,30.035999298095703,7.182000160217285,7.433000087738037,-0.9407
GLN,156,OE1,2440,29.902000427246094,9.395000457763672,7.166999816894531,-0.6086
GLN,156,H,2441,32.994998931884766,10.258999824523926,3.9679999351501465,0.2719
GLN,156,HA,2442,32.43000030517578,8.458999633789062,5.993000030517578,0.085
GLN,156,1HB,2443,30.79800033569336,9.935999870300293,4.76200008392334,0.0171
GLN,156,2HB,2444,30.854999542236328,8.79699993133545,3.4240000247955322,0.0171
GLN,156,1HG,2445,29.0,8.338000297546387,4.789000034332275,0.0352
GLN,156,2HG,2446,30.158000946044922,7.043000221252441,4.943999767303467,0.0352
GLN,156,1HE2,2447,30.045000076293945,7.264999866485596,8.430999755859375,0.4251
GLN,156,2HE2,2448,30.08300018310547,6.281000137329102,7.007999897003174,0.4251
ARG,157,N,2449,33.17499923706055,7.0279998779296875,3.1700000762939453,-0.3479
ARG,157,CA,2450,33.43899917602539,5.73799991607666,2.559999942779541,-0.2637
ARG,157,C,2451,34.47800064086914,5.001999855041504,3.384999990463257,0.7341
ARG,157,O,2452,34.29899978637695,3.8340001106262207,3.7070000171661377,-0.5894
ARG,157,CB,2453,33.92900085449219,5.927000045776367,1.13100004196167,-0.0007
ARG,157,CG,2454,34.18899917602539,4.639999866485596,0.3529999852180481,0.039
ARG,157,CD,2455,34.53900146484375,4.900000095367432,-1.1030000448226929,0.0486
ARG,157,NE,2456,35.79800033569336,5.599999904632568,-1.284999966621399,-0.5295
ARG,157,CZ,2457,37.00899887084961,5.038000106811523,-1.2419999837875366,0.8076
ARG,157,NH1,2458,37.15999984741211,3.744999885559082,-1.0199999809265137,-0.8627
ARG,157,NH2,2459,38.064998626708984,5.804999828338623,-1.4279999732971191,-0.8627
ARG,157,H,2460,32.981998443603516,7.791999816894531,2.5420000553131104,0.2747
ARG,157,HA,2461,32.505001068115234,5.177999973297119,2.502000093460083,0.156
ARG,157,1HB,2462,33.198001861572266,6.501999855041504,0.5709999799728394,0.0327
ARG,157,2HB,2463,34.85599899291992,6.49399995803833,1.1380000114440918,0.0327
ARG,157,1HG,2464,35.02000045776367,4.111000061035156,0.8130000233650208,0.0285
ARG,157,2HG,2465,33.301998138427734,4.015999794006348,0.375,0.0285
ARG,157,1HD,2466,34.6150016784668,3.947000026702881,-1.6269999742507935,0.0687
ARG,157,2HD,2467,33.755001068115234,5.511000156402588,-1.5549999475479126,0.0687
ARG,157,HE,2468,35.777000427246094,6.599999904632568,-1.4609999656677246,0.3456
ARG,157,1HH1,2469,36.35300064086914,3.1389999389648438,-0.8759999871253967,0.4478
ARG,157,2HH1,2470,38.08700180053711,3.3459999561309814,-0.9929999709129333,0.4478
ARG,157,1HH2,2471,37.92399978637695,6.797999858856201,-1.5959999561309814,0.4478
ARG,157,2HH2,2472,38.99300003051758,5.410999774932861,-1.4010000228881836,0.4478
ALA,158,N,2473,35.54499816894531,5.710999965667725,3.7679998874664307,-0.4157
ALA,158,CA,2474,36.63100051879883,5.118000030517578,4.544000148773193,0.0337
ALA,158,C,2475,36.12799835205078,4.611999988555908,5.896999835968018,0.5973
ALA,158,O,2476,36.277000427246094,3.433000087738037,6.247000217437744,-0.5679
ALA,158,CB,2477,37.75299835205078,6.125999927520752,4.715000152587891,-0.1825
ALA,158,H,2478,35.66899871826172,6.64300012588501,3.390000104904175,0.2719
ALA,158,HA,2479,37.00400161743164,4.254000186920166,3.99399995803833,0.0823
ALA,158,1HB,2480,38.57500076293945,5.665999889373779,5.260000228881836,0.0603
ALA,158,2HB,2481,38.10200119018555,6.448999881744385,3.7339999675750732,0.0603
ALA,158,3HB,2482,37.38399887084961,6.986000061035156,5.271999835968018,0.0603
TYR,159,N,2483,35.202999114990234,5.385000228881836,6.4629998207092285,-0.4157
TYR,159,CA,2484,34.608001708984375,4.995999813079834,7.7210001945495605,-0.0014
TYR,159,C,2485,33.87300109863281,3.686000108718872,7.53000020980835,0.5973
TYR,159,O,2486,34.07600021362305,2.740000009536743,8.267000198364258,-0.5679
TYR,159,CB,2487,33.66699981689453,6.0960001945495605,8.244999885559082,-0.0152
TYR,159,CG,2488,32.926998138427734,5.761000156402588,9.529999732971191,-0.0011
TYR,159,CD1,2489,33.41400146484375,6.188000202178955,10.75100040435791,-0.1906
TYR,159,CD2,2490,31.753000259399414,5.0229997634887695,9.477999687194824,-0.1906
TYR,159,CE1,2491,32.72700119018555,5.873000144958496,11.913000106811523,-0.2341
TYR,159,CE2,2492,31.070999145507812,4.710999965667725,10.631999969482422,-0.2341
TYR,159,CZ,2493,31.552000045776367,5.132999897003174,11.847000122070312,0.3226
TYR,159,OH,2494,30.87299919128418,4.822000026702881,13.003000259399414,-0.5579
TYR,159,H,2495,35.11600112915039,6.348999977111816,6.1620001792907715,0.2719
TYR,159,HA,2496,35.402000427246094,4.874000072479248,8.456000328063965,0.0876
TYR,159,1HB,2497,34.2400016784668,7.005000114440918,8.423999786376953,0.0295
TYR,159,2HB,2498,32.92300033569336,6.331999778747559,7.510000228881836,0.0295
TYR,159,HD1,2499,34.33399963378906,6.76800012588501,10.800000190734863,0.1699
TYR,159,HD2,2500,31.3700008392334,4.686999797821045,8.522000312805176,0.1699
TYR,159,HE1,2501,33.108001708984375,6.208000183105469,12.878999710083008,0.1656
TYR,159,HE2,2502,30.149999618530273,4.129000186920166,10.581999778747559,0.1656
TYR,159,HH,2503,30.089000701904297,4.310999870300293,12.78499984741211,0.3992
LEU,160,N,2504,32.99599838256836,3.6449999809265137,6.541999816894531,-0.4157
LEU,160,CA,2505,32.082000732421875,2.5309998989105225,6.372000217437744,-0.0518
LEU,160,C,2506,32.797000885009766,1.2389999628067017,6.000999927520752,0.5973
LEU,160,O,2507,32.78300094604492,0.2630000114440918,6.747000217437744,-0.5679
LEU,160,CB,2508,31.075000762939453,2.9159998893737793,5.288000106811523,-0.1102
LEU,160,CG,2509,30.138999938964844,4.0269999504089355,5.706999778747559,0.3531
LEU,160,CD1,2510,29.341999053955078,4.521999835968018,4.519999980926514,-0.4121
LEU,160,CD2,2511,29.23900032043457,3.500999927520752,6.7820000648498535,-0.4121
LEU,160,H,2512,32.7869987487793,4.506999969482422,6.063000202178955,0.2719
LEU,160,HA,2513,31.593000411987305,2.3399999141693115,7.323999881744385,0.0922
LEU,160,1HB,2514,31.621000289916992,3.2330000400543213,4.39900016784668,0.0457
LEU,160,2HB,2515,30.483999252319336,2.0369999408721924,5.0289998054504395,0.0457
LEU,160,HG,2516,30.71500015258789,4.860000133514404,6.078999996185303,-0.0361
LEU,160,1HD1,2517,28.672000885009766,5.322000026702881,4.835000038146973,0.1
LEU,160,2HD1,2518,30.025999069213867,4.9019999504089355,3.759999990463257,0.1
LEU,160,3HD1,2519,28.768999099731445,3.7309999465942383,4.113999843597412,0.1
LEU,160,1HD2,2520,28.551000595092773,4.284999847412109,7.1020002365112305,0.1
LEU,160,2HD2,2521,28.687000274658203,2.671999931335449,6.383999824523926,0.1
LEU,160,3HD2,2522,29.83099937438965,3.174999952316284,7.635000228881836,0.1
GLU,161,N,2523,33.7859992980957,1.3739999532699585,5.129000186920166,-0.5163
GLU,161,CA,2524,34.566001892089844,0.2290000021457672,4.685999870300293,0.0397
GLU,161,C,2525,35.45199966430664,-0.3659999966621399,5.760000228881836,0.5366
GLU,161,O,2526,35.65800094604492,-1.5809999704360962,5.7829999923706055,-0.5819
GLU,161,CB,2527,35.441001892089844,0.6069999933242798,3.492000102996826,0.056
GLU,161,CG,2528,34.69900131225586,0.8970000147819519,2.2009999752044678,0.0136
GLU,161,CD,2529,35.632999420166016,1.2990000247955322,1.1019999980926514,0.8054
GLU,161,OE1,2530,36.80799865722656,1.3930000066757202,1.3660000562667847,-0.8188
GLU,161,OE2,2531,35.185001373291016,1.5140000581741333,-0.0010000000474974513,-0.8188
GLU,161,H,2532,33.86399841308594,2.236999988555908,4.61299991607666,0.2936
GLU,161,HA,2533,33.86899948120117,-0.5440000295639038,4.361000061035156,0.1105
GLU,161,1HB,2534,36.02299880981445,1.496999979019165,3.740000009536743,-0.0173
GLU,161,2HB,2535,36.14099884033203,-0.20200000703334808,3.2869999408721924,-0.0173
GLU,161,1HG,2536,34.154998779296875,0.014999999664723873,1.9019999504089355,-0.0425
GLU,161,2HG,2537,33.974998474121094,1.690000057220459,2.371000051498413,-0.0425
GLY,162,N,2538,35.972999572753906,0.4740000069141388,6.656000137329102,-0.4157
GLY,162,CA,2539,36.90299987792969,-0.020999999716877937,7.656000137329102,-0.0252
GLY,162,C,2540,36.584999084472656,0.3199999928474426,9.10200023651123,0.5973
GLY,162,O,2541,36.37799835205078,-0.5740000009536743,9.913000106811523,-0.5679
GLY,162,H,2542,35.7400016784668,1.4579999446868896,6.63100004196167,0.2719
GLY,162,1HA,2543,36.95500183105469,-1.1069999933242798,7.583000183105469,0.0698
GLY,162,2HA,2544,37.893001556396484,0.37700000405311584,7.434999942779541,0.0698
THR,163,N,2545,36.154998779296875,1.5460000038146973,9.378999710083008,-0.4157
THR,163,CA,2546,35.805999755859375,1.815000057220459,10.782999992370605,-0.0389
THR,163,C,2547,34.54199981689453,1.0870000123977661,11.26200008392334,0.5973
THR,163,O,2548,34.577999114990234,0.39100000262260437,12.279000282287598,-0.5679
THR,163,CB,2549,35.612998962402344,3.312000036239624,11.062000274658203,0.3654
THR,163,CG2,2550,35.22600173950195,3.5169999599456787,12.505000114440918,-0.2438
THR,163,OG1,2551,36.832000732421875,4.013999938964844,10.78499984741211,-0.6761
THR,163,H,2552,36.108001708984375,2.260999917984009,8.64799976348877,0.2719
THR,163,HA,2553,36.63600158691406,1.4780000448226929,11.402999877929688,0.1007
THR,163,HB,2554,34.84199905395508,3.6989998817443848,10.425999641418457,0.0043
THR,163,HG1,2555,37.06999969482422,3.890000104904175,9.862000465393066,0.4102
THR,163,1HG2,2556,35.09000015258789,4.573999881744385,12.699000358581543,0.0642
THR,163,2HG2,2557,34.29499816894531,2.989000082015991,12.711000442504883,0.0642
THR,163,3HG2,2558,36.012001037597656,3.130000114440918,13.151000022888184,0.0642
CYS,164,N,2559,33.45100021362305,1.190999984741211,10.494999885559082,-0.4157
CYS,164,CA,2560,32.18600082397461,0.5550000071525574,10.838000297546387,0.0213
CYS,164,C,2561,32.33599853515625,-0.9459999799728394,10.880999565124512,0.5973
CYS,164,O,2562,32.185001373291016,-1.5579999685287476,11.937999725341797,-0.5679
CYS,164,CB,2563,31.086999893188477,0.9049999713897705,9.831999778747559,-0.1231
CYS,164,SG,2564,29.444000244140625,0.27000001072883606,10.267999649047852,-0.3119
CYS,164,H,2565,33.52799987792969,1.687999963760376,9.630999565124512,0.2719
CYS,164,HA,2566,31.874000549316406,0.9110000133514404,11.817999839782715,0.1124
CYS,164,1HB,2567,31.011999130249023,1.9800000190734863,9.73799991607666,0.1112
CYS,164,2HB,2568,31.349000930786133,0.5099999904632568,8.859000205993652,0.1112
VAL,165,N,2569,32.8650016784668,-1.4889999628067017,9.78600025177002,-0.4157
VAL,165,CA,2570,33.01900100708008,-2.931999921798706,9.645999908447266,-0.0875
VAL,165,C,2571,33.915000915527344,-3.559000015258789,10.690999984741211,0.5973
VAL,165,O,2572,33.53499984741211,-4.563000202178955,11.282999992370605,-0.5679
VAL,165,CB,2573,33.58300018310547,-3.263000011444092,8.265000343322754,0.2985
VAL,165,CG1,2574,33.97999954223633,-4.7210001945495605,8.194000244140625,-0.3192
VAL,165,CG2,2575,32.56999969482422,-2.930000066757202,7.258999824523926,-0.3192
VAL,165,H,2576,32.90299987792969,-0.9179999828338623,8.940999984741211,0.2719
VAL,165,HA,2577,32.029998779296875,-3.384999990463257,9.741999626159668,0.0969
VAL,165,HB,2578,34.487998962402344,-2.680000066757202,8.088000297546387,-0.0297
VAL,165,1HG1,2579,34.380001068115234,-4.941999912261963,7.203999996185303,0.0791
VAL,165,2HG1,2580,34.737998962402344,-4.927999973297119,8.944999694824219,0.0791
VAL,165,3HG1,2581,33.111000061035156,-5.3470001220703125,8.376999855041504,0.0791
VAL,165,1HG2,2582,32.9640007019043,-3.1610000133514404,6.2829999923706055,0.0791
VAL,165,2HG2,2583,31.66900062561035,-3.513000011444092,7.443999767303467,0.0791
VAL,165,3HG2,2584,32.33700180053711,-1.9010000228881836,7.315000057220459,0.0791
ASP,166,N,2585,35.06700134277344,-2.9570000171661377,10.97700023651123,-0.5163
ASP,166,CA,2586,35.92499923706055,-3.5239999294281006,12.008000373840332,0.0381
ASP,166,C,2587,35.20199966430664,-3.5850000381469727,13.345999717712402,0.5366
ASP,166,O,2588,35.24300003051758,-4.611999988555908,14.019000053405762,-0.5819
ASP,166,CB,2589,37.21699905395508,-2.7179999351501465,12.166999816894531,-0.0303
ASP,166,CG,2590,38.196998596191406,-2.9140000343322754,11.005000114440918,0.7994
ASP,166,OD1,2591,38.00699996948242,-3.8269999027252197,10.23900032043457,-0.8014
ASP,166,OD2,2592,39.124000549316406,-2.1449999809265137,10.899999618530273,-0.8014
ASP,166,H,2593,35.33399963378906,-2.0999999046325684,10.517000198364258,0.2936
ASP,166,HA,2594,36.20199966430664,-4.535999774932861,11.708999633789062,0.088
ASP,166,1HB,2595,36.974998474121094,-1.656999945640564,12.244000434875488,-0.0122
ASP,166,2HB,2596,37.7140007019043,-3.009000062942505,13.093000411987305,-0.0122
GLY,167,N,2597,34.41299819946289,-2.5480000972747803,13.652999877929688,-0.4157
GLY,167,CA,2598,33.7140007019043,-2.506999969482422,14.930000305175781,-0.0252
GLY,167,C,2599,32.694000244140625,-3.628999948501587,14.998000144958496,0.5973
GLY,167,O,2600,32.659000396728516,-4.373000144958496,15.972999572753906,-0.5679
GLY,167,H,2601,34.47700119018555,-1.6950000524520874,13.107999801635742,0.2719
GLY,167,1HA,2602,34.430999755859375,-2.5999999046325684,15.746000289916992,0.0698
GLY,167,2HA,2603,33.22100067138672,-1.5429999828338623,15.04699993133545,0.0698
LEU,168,N,2604,31.999000549316406,-3.8519999980926514,13.880000114440918,-0.4157
LEU,168,CA,2605,30.944000244140625,-4.85099983215332,13.821999549865723,-0.0518
LEU,168,C,2606,31.527000427246094,-6.241000175476074,13.907999992370605,0.5973
LEU,168,O,2607,31.097999572753906,-7.0279998779296875,14.73799991607666,-0.5679
LEU,168,CB,2608,30.131999969482422,-4.710000038146973,12.527000427246094,-0.1102
LEU,168,CG,2609,28.976999282836914,-5.691999912261963,12.373000144958496,0.3531
LEU,168,CD1,2610,28.070999145507812,-5.650000095367432,13.586000442504883,-0.4121
LEU,168,CD2,2611,28.2189998626709,-5.331999778747559,11.11400032043457,-0.4121
LEU,168,H,2612,32.0629997253418,-3.1730000972747803,13.133999824523926,0.2719
LEU,168,HA,2613,30.263999938964844,-4.692999839782715,14.656000137329102,0.0922
LEU,168,1HB,2614,29.716999053955078,-3.7160000801086426,12.460000038146973,0.0457
LEU,168,2HB,2615,30.80500030517578,-4.84499979019165,11.678999900817871,0.0457
LEU,168,HG,2616,29.365999221801758,-6.702000141143799,12.298999786376953,-0.0361
LEU,168,1HD1,2617,27.260000228881836,-6.360000133514404,13.444999694824219,0.1
LEU,168,2HD1,2618,28.641000747680664,-5.916999816894531,14.477999687194824,0.1
LEU,168,3HD1,2619,27.660999298095703,-4.6620001792907715,13.71500015258789,0.1
LEU,168,1HD2,2620,27.38800048828125,-6.0229997634887695,10.984000205993652,0.1
LEU,168,2HD2,2621,27.834999084472656,-4.318999767303467,11.190999984741211,0.1
LEU,168,3HD2,2622,28.881000518798828,-5.401000022888184,10.27299976348877,0.1
ARG,169,N,2623,32.62900161743164,-6.484000205993652,13.213000297546387,-0.3479
ARG,169,CA,2624,33.20899963378906,-7.815000057220459,13.236000061035156,-0.2637
ARG,169,C,2625,33.60499954223633,-8.187000274658203,14.66100025177002,0.7341
ARG,169,O,2626,33.34700012207031,-9.305000305175781,15.109000205993652,-0.5894
ARG,169,CB,2627,34.4370002746582,-7.892000198364258,12.338000297546387,-0.0007
ARG,169,CG,2628,34.17599868774414,-7.855999946594238,10.84000015258789,0.039
ARG,169,CD,2629,35.4640007019043,-7.822000026702881,10.090999603271484,0.0486
ARG,169,NE,2630,35.27899932861328,-7.822000026702881,8.661999702453613,-0.5295
ARG,169,CZ,2631,36.25400161743164,-7.579999923706055,7.760000228881836,0.8076
ARG,169,NH1,2632,37.47999954223633,-7.321000099182129,8.159000396728516,-0.8627
ARG,169,NH2,2633,35.96200180053711,-7.60699987411499,6.474999904632568,-0.8627
ARG,169,H,2634,32.91400146484375,-5.833000183105469,12.50100040435791,0.2747
ARG,169,HA,2635,32.47200012207031,-8.527000427246094,12.866000175476074,0.156
ARG,169,1HB,2636,35.10100173950195,-7.058000087738037,12.567999839782715,0.0327
ARG,169,2HB,2637,34.97800064086914,-8.814000129699707,12.545000076293945,0.0327
ARG,169,1HG,2638,33.61600112915039,-8.744000434875488,10.543000221252441,0.0285
ARG,169,2HG,2639,33.5989990234375,-6.9720001220703125,10.586000442504883,0.0285
ARG,169,1HD,2640,36.01100158691406,-6.916999816894531,10.359999656677246,0.0687
ARG,169,2HD,2641,36.05500030517578,-8.697999954223633,10.350000381469727,0.0687
ARG,169,HE,2642,34.354000091552734,-8.015000343322754,8.293999671936035,0.3456
ARG,169,1HH1,2643,37.69599914550781,-7.302000045776367,9.145000457763672,0.4478
ARG,169,2HH1,2644,38.20399856567383,-7.140999794006348,7.479000091552734,0.4478
ARG,169,1HH2,2645,35.01100158691406,-7.809000015258789,6.195000171661377,0.4478
ARG,169,2HH2,2646,36.67599868774414,-7.429999828338623,5.783999919891357,0.4478
ARG,170,N,2647,34.12099838256836,-7.203000068664551,15.404999732971191,-0.3479
ARG,170,CA,2648,34.56800079345703,-7.441999912261963,16.76799964904785,-0.2637
ARG,170,C,2649,33.382999420166016,-7.684000015258789,17.673999786376953,0.7341
ARG,170,O,2650,33.400001525878906,-8.609999656677246,18.476999282836914,-0.5894
ARG,170,CB,2651,35.37099838256836,-6.263000011444092,17.291000366210938,-0.0007
ARG,170,CG,2652,36.73500061035156,-6.079999923706055,16.648000717163086,0.039
ARG,170,CD,2653,37.42399978637695,-4.870999813079834,17.166000366210938,0.0486
ARG,170,NE,2654,37.768001556396484,-5.00600004196167,18.57699966430664,-0.5295
ARG,170,CZ,2655,38.16600036621094,-3.990999937057495,19.37700080871582,0.8076
ARG,170,NH1,2656,38.26599884033203,-2.7709999084472656,18.89299964904785,-0.8627
ARG,170,NH2,2657,38.45500183105469,-4.228000164031982,20.64699935913086,-0.8627
ARG,170,H,2658,34.37900161743164,-6.333000183105469,14.956999778747559,0.2747
ARG,170,HA,2659,35.20199966430664,-8.329999923706055,16.777999877929688,0.156
ARG,170,1HB,2660,34.808998107910156,-5.34499979019165,17.13800048828125,0.0327
ARG,170,2HB,2661,35.5260009765625,-6.377999782562256,18.36400032043457,0.0327
ARG,170,1HG,2662,37.356998443603516,-6.948999881744385,16.860000610351562,0.0285
ARG,170,2HG,2663,36.619998931884766,-5.9730000495910645,15.576000213623047,0.0285
ARG,170,1HD,2664,38.34299850463867,-4.706999778747559,16.604999542236328,0.0687
ARG,170,2HD,2665,36.77000045776367,-4.005000114440918,17.05500030517578,0.0687
ARG,170,HE,2666,37.70399856567383,-5.928999900817871,18.988000869750977,0.3456
ARG,170,1HH1,2667,38.04600143432617,-2.5929999351501465,17.92300033569336,0.4478
ARG,170,2HH1,2668,38.5629997253418,-2.0139999389648438,19.490999221801758,0.4478
ARG,170,1HH2,2669,38.37699890136719,-5.166999816894531,21.014999389648438,0.4478
ARG,170,2HH2,2670,38.75400161743164,-3.4730000495910645,21.25200080871582,0.4478
TYR,171,N,2671,32.29999923706055,-6.946000099182129,17.427000045776367,-0.4157
TYR,171,CA,2672,31.106000900268555,-7.039000034332275,18.246000289916992,-0.0014
TYR,171,C,2673,30.452999114990234,-8.390999794006348,18.13800048828125,0.5973
TYR,171,O,2674,30.21299934387207,-9.055000305175781,19.143999099731445,-0.5679
TYR,171,CB,2675,30.114999771118164,-5.949999809265137,17.860000610351562,-0.0152
TYR,171,CG,2676,30.559999465942383,-4.599999904632568,18.332000732421875,-0.0011
TYR,171,CD1,2677,30.273000717163086,-3.4790000915527344,17.607999801635742,-0.1906
TYR,171,CD2,2678,31.263999938964844,-4.499000072479248,19.507999420166016,-0.1906
TYR,171,CE1,2679,30.69499969482422,-2.243000030517578,18.065000534057617,-0.2341
TYR,171,CE2,2680,31.68000030517578,-3.299999952316284,19.961999893188477,-0.2341
TYR,171,CZ,2681,31.402999877929688,-2.1600000858306885,19.25200080871582,0.3226
TYR,171,OH,2682,31.83300018310547,-0.9340000152587891,19.724000930786133,-0.5579
TYR,171,H,2683,32.37200164794922,-6.188000202178955,16.76300048828125,0.2719
TYR,171,HA,2684,31.400999069213867,-6.88700008392334,19.27899932861328,0.0876
TYR,171,1HB,2685,29.9950008392334,-5.925000190734863,16.7810001373291,0.0295
TYR,171,2HB,2686,29.152999877929688,-6.164000034332275,18.277999877929688,0.0295
TYR,171,HD1,2687,29.7189998626709,-3.571000099182129,16.68400001525879,0.1699
TYR,171,HD2,2688,31.492000579833984,-5.38700008392334,20.079999923706055,0.1699
TYR,171,HE1,2689,30.47100067138672,-1.3420000076293945,17.4950008392334,0.1656
TYR,171,HE2,2690,32.23099899291992,-3.253999948501587,20.888999938964844,0.1656
TYR,171,HH,2691,32.323001861572266,-1.0640000104904175,20.548999786376953,0.3992
LEU,172,N,2692,30.458999633789062,-8.916999816894531,16.924999237060547,-0.4157
LEU,172,CA,2693,29.827999114990234,-10.187000274658203,16.638999938964844,-0.0518
LEU,172,C,2694,30.534000396728516,-11.305000305175781,17.37299919128418,0.5973
LEU,172,O,2695,29.88599967956543,-12.1899995803833,17.923999786376953,-0.5679
LEU,172,CB,2696,29.85700035095215,-10.420000076293945,15.13700008392334,-0.1102
LEU,172,CG,2697,28.974000930786133,-9.444999694824219,14.354999542236328,0.3531
LEU,172,CD1,2698,29.21299934387207,-9.642000198364258,12.87600040435791,-0.4121
LEU,172,CD2,2699,27.531999588012695,-9.685999870300293,14.722000122070312,-0.4121
LEU,172,H,2700,30.687999725341797,-8.3149995803833,16.14699935913086,0.2719
LEU,172,HA,2701,28.797000885009766,-10.161999702453613,16.972000122070312,0.0922
LEU,172,1HB,2702,30.881999969482422,-10.322999954223633,14.78499984741211,0.0457
LEU,172,2HB,2703,29.52400016784668,-11.435999870300293,14.928999900817871,0.0457
LEU,172,HG,2704,29.235000610351562,-8.4350004196167,14.593999862670898,-0.0361
LEU,172,1HD1,2705,28.590999603271484,-8.956000328063965,12.315999984741211,0.1
LEU,172,2HD1,2706,30.257999420166016,-9.45199966430664,12.647000312805176,0.1
LEU,172,3HD1,2707,28.961000442504883,-10.65999984741211,12.604999542236328,0.1
LEU,172,1HD2,2708,26.89699935913086,-8.996000289916992,14.170999526977539,0.1
LEU,172,2HD2,2709,27.263999938964844,-10.70300006866455,14.470000267028809,0.1
LEU,172,3HD2,2710,27.395000457763672,-9.529999732971191,15.782999992370605,0.1
GLU,173,N,2711,31.85099983215332,-11.1899995803833,17.49799919128418,-0.5163
GLU,173,CA,2712,32.62300109863281,-12.220999717712402,18.166000366210938,0.0397
GLU,173,C,2713,32.56700134277344,-12.060999870300293,19.683000564575195,0.5366
GLU,173,O,2714,32.49800109863281,-13.04800033569336,20.415000915527344,-0.5819
GLU,173,CB,2715,34.07600021362305,-12.1850004196167,17.69300079345703,0.056
GLU,173,CG,2716,34.26300048828125,-12.538999557495117,16.225000381469727,0.0136
GLU,173,CD,2717,33.8650016784668,-13.958000183105469,15.909000396728516,0.8054
GLU,173,OE1,2718,34.31999969482422,-14.847999572753906,16.58799934387207,-0.8188
GLU,173,OE2,2719,33.106998443603516,-14.152000427246094,14.98900032043457,-0.8188
GLU,173,H,2720,32.3380012512207,-10.491000175476074,16.945999145507812,0.2936
GLU,173,HA,2721,32.18600082397461,-13.190999984741211,17.929000854492188,0.1105
GLU,173,1HB,2722,34.48500061035156,-11.1850004196167,17.854000091552734,-0.0173
GLU,173,2HB,2723,34.66899871826172,-12.880999565124512,18.284000396728516,-0.0173
GLU,173,1HG,2724,33.6619987487793,-11.861000061035156,15.621000289916992,-0.0425
GLU,173,2HG,2725,35.30799865722656,-12.390999794006348,15.956000328063965,-0.0425
ASN,174,N,2726,32.505001068115234,-10.807999610900879,20.143999099731445,-0.4157
ASN,174,CA,2727,32.54600143432617,-10.49899959564209,21.56800079345703,0.0143
ASN,174,C,2728,31.26799964904785,-10.913999557495117,22.275999069213867,0.5973
ASN,174,O,2729,31.30500030517578,-11.362000465393066,23.422000885009766,-0.5679
ASN,174,CB,2730,32.808998107910156,-9.022000312805176,21.785999298095703,-0.2041
ASN,174,CG,2731,34.22200012207031,-8.623000144958496,21.486000061035156,0.713
ASN,174,ND2,2732,34.42499923706055,-7.355999946594238,21.22100067138672,-0.9191
ASN,174,OD1,2733,35.13399887084961,-9.458000183105469,21.493000030517578,-0.5931
ASN,174,H,2734,32.64099884033203,-10.048999786376953,19.493000030517578,0.2719
ASN,174,HA,2735,33.354000091552734,-11.074000358581543,22.02199935913086,0.1048
ASN,174,1HB,2736,32.14400100708008,-8.444000244140625,21.15399932861328,0.0797
ASN,174,2HB,2737,32.59000015258789,-8.76200008392334,22.819000244140625,0.0797
ASN,174,1HD2,2738,35.34700012207031,-7.03000020980835,21.013999938964844,0.4196
ASN,174,2HD2,2739,33.65700149536133,-6.715000152587891,21.226999282836914,0.4196
GLY,175,N,2740,30.13800048828125,-10.791999816894531,21.579999923706055,-0.4157
GLY,175,CA,2741,28.847000122070312,-11.100000381469727,22.173999786376953,-0.0252
GLY,175,C,2742,28.062000274658203,-12.083000183105469,21.339000701904297,0.5973
GLY,175,O,2743,26.85300064086914,-11.944000244140625,21.207000732421875,-0.5679
GLY,175,H,2744,30.174999237060547,-10.425999641418457,20.638999938964844,0.2719
GLY,175,1HA,2745,28.992000579833984,-11.51099967956543,23.17300033569336,0.0698
GLY,175,2HA,2746,28.26799964904785,-10.187000274658203,22.288999557495117,0.0698
LYS,176,N,2747,28.7549991607666,-13.074000358581543,20.78499984741211,-0.3479
LYS,176,CA,2748,28.142000198364258,-14.10099983215332,19.944000244140625,-0.24
LYS,176,C,2749,27.01300048828125,-14.859999656677246,20.632999420166016,0.7341
LYS,176,O,2750,26.048999786376953,-15.277000427246094,19.996999740600586,-0.5894
LYS,176,CB,2751,29.21500015258789,-15.088000297546387,19.479999542236328,-0.0094
LYS,176,CG,2752,29.80699920654297,-15.932999610900879,20.594999313354492,0.0187
LYS,176,CD,2753,30.89299964904785,-16.851999282836914,20.077999114990234,-0.0479
LYS,176,CE,2754,31.452999114990234,-17.722000122070312,21.194000244140625,-0.0143
LYS,176,NZ,2755,32.54199981689453,-18.610000610351562,20.709999084472656,-0.3854
LYS,176,H,2756,29.753000259399414,-13.109999656677246,20.937999725341797,0.2747
LYS,176,HA,2757,27.707000732421875,-13.607999801635742,19.076000213623047,0.1426
LYS,176,1HB,2758,28.79400062561035,-15.76099967956543,18.73900032043457,0.0362
LYS,176,2HB,2759,30.02899932861328,-14.54699993133545,19.000999450683594,0.0362
LYS,176,1HG,2760,30.231000900268555,-15.277000427246094,21.358999252319336,0.0103
LYS,176,2HG,2761,29.024999618530273,-16.53499984741211,21.05299949645996,0.0103
LYS,176,1HD,2762,30.483999252319336,-17.493999481201172,19.29599952697754,0.0621
LYS,176,2HD,2763,31.701000213623047,-16.256000518798828,19.649999618530273,0.0621
LYS,176,1HE,2764,31.84000015258789,-17.08099937438965,21.983999252319336,0.1135
LYS,176,2HE,2765,30.650999069213867,-18.334999084472656,21.604000091552734,0.1135
LYS,176,1HZ,2766,32.88600158691406,-19.16900062561035,21.47800064086914,0.34
LYS,176,2HZ,2767,32.18600082397461,-19.215999603271484,19.985000610351562,0.34
LYS,176,3HZ,2768,33.29499816894531,-18.048999786376953,20.340999603271484,0.34
GLU,177,N,2769,27.027000427246094,-14.854999542236328,21.958999633789062,-0.5163
GLU,177,CA,2770,26.013999938964844,-15.531000137329102,22.75,0.0397
GLU,177,C,2771,24.638999938964844,-14.895999908447266,22.576000213623047,0.5366
GLU,177,O,2772,23.631000518798828,-15.508999824523926,22.92099952697754,-0.5819
GLU,177,CB,2773,26.40999984741211,-15.517999649047852,24.222000122070312,0.056
GLU,177,CG,2774,27.634000778198242,-16.368000030517578,24.5310001373291,0.0136
GLU,177,CD,2775,28.023000717163086,-16.336000442504883,25.979000091552734,0.8054
GLU,177,OE1,2776,27.410999298095703,-15.607999801635742,26.722999572753906,-0.8188
GLU,177,OE2,2777,28.934999465942383,-17.038999557495117,26.343000411987305,-0.8188
GLU,177,H,2778,27.81399917602539,-14.442999839782715,22.43899917602539,0.2936
GLU,177,HA,2779,25.94300079345703,-16.565000534057617,22.408000946044922,0.1105
GLU,177,1HB,2780,26.615999221801758,-14.493000030517578,24.533000946044922,-0.0173
GLU,177,2HB,2781,25.577999114990234,-15.883000373840332,24.825000762939453,-0.0173
GLU,177,1HG,2782,27.427000045776367,-17.399999618530273,24.246999740600586,-0.0425
GLU,177,2HG,2783,28.469999313354492,-16.01099967956543,23.927000045776367,-0.0425
THR,178,N,2784,24.604000091552734,-13.631999969482422,22.14900016784668,-0.4157
THR,178,CA,2785,23.34000015258789,-12.944000244140625,21.923999786376953,-0.0389
THR,178,C,2786,23.187999725341797,-12.463000297546387,20.47800064086914,0.5973
THR,178,O,2787,22.070999145507812,-12.326000213623047,19.979000091552734,-0.5679
THR,178,CB,2788,23.19300079345703,-11.744999885559082,22.881999969482422,0.3654
THR,178,CG2,2789,23.27400016784668,-12.213000297546387,24.326000213623047,-0.2438
THR,178,OG1,2790,24.238000869750977,-10.795999526977539,22.6299991607666,-0.6761
THR,178,H,2791,25.452999114990234,-13.194000244140625,21.822999954223633,0.2719
THR,178,HA,2792,22.527999877929688,-13.633000373840332,22.152000427246094,0.1007
THR,178,HB,2793,22.23200035095215,-11.26200008392334,22.711000442504883,0.0043
THR,178,HG1,2794,24.179000854492188,-10.48799991607666,21.72100067138672,0.4102
THR,178,1HG2,2795,23.170000076293945,-11.357000350952148,24.992000579833984,0.0642
THR,178,2HG2,2796,22.474000930786133,-12.927000045776367,24.52199935913086,0.0642
THR,178,3HG2,2797,24.238000869750977,-12.692000389099121,24.500999450683594,0.0642
LEU,179,N,2798,24.312999725341797,-12.300000190734863,19.781999588012695,-0.4157
LEU,179,CA,2799,24.31399917602539,-11.713000297546387,18.44300079345703,-0.0518
LEU,179,C,2800,24.165000915527344,-12.765000343322754,17.343000411987305,0.5973
LEU,179,O,2801,23.628999710083008,-12.470000267028809,16.27400016784668,-0.5679
LEU,179,CB,2802,25.618000030517578,-10.934000015258789,18.229999542236328,-0.1102
LEU,179,CG,2803,25.808000564575195,-9.736000061035156,19.176000595092773,0.3531
LEU,179,CD1,2804,27.149999618530273,-9.130999565124512,18.982999801635742,-0.4121
LEU,179,CD2,2805,24.753999710083008,-8.748000144958496,18.924999237060547,-0.4121
LEU,179,H,2806,25.195999145507812,-12.385000228881836,20.266000747680664,0.2719
LEU,179,HA,2807,23.457000732421875,-11.045999526977539,18.35700035095215,0.0922
LEU,179,1HB,2808,26.45800018310547,-11.61400032043457,18.368000030517578,0.0457
LEU,179,2HB,2809,25.642000198364258,-10.567999839782715,17.204999923706055,0.0457
LEU,179,HG,2810,25.753000259399414,-10.060999870300293,20.204999923706055,-0.0361
LEU,179,1HD1,2811,27.270000457763672,-8.291000366210938,19.655000686645508,0.1
LEU,179,2HD1,2812,27.90399932861328,-9.883000373840332,19.197999954223633,0.1
LEU,179,3HD1,2813,27.25200080871582,-8.791000366210938,17.961999893188477,0.1
LEU,179,1HD2,2814,24.902000427246094,-7.922999858856201,19.591999053955078,0.1
LEU,179,2HD2,2815,24.81100082397461,-8.41100025177002,17.902999877929688,0.1
LEU,179,3HD2,2816,23.77899932861328,-9.201000213623047,19.101999282836914,0.1
